$coord
         -2.036595146965          3.125382506988         -0.295845569781     c 
          0.342559885321          2.007103307500          0.632555443142     c 
         -4.072112191291          1.581707014394         -0.104444651873     n 
         -2.104708724445          5.262344615111         -1.154315919962     o 
          1.053803961266         -0.558823402767          1.120116846102     c 
          3.598911348534         -0.459523518263          1.995869111420     c 
          4.365002688891          1.997207324631          2.035444233375     n 
          2.425777183623          3.451060048952          1.196936637073     c 
          2.591606486265          5.467272087051          1.061927028951     h 
          6.848763495620          2.861164532089          2.728321717188     c 
          5.005976506436         -2.419996940723          2.666292910243     n 
         -0.013220498553         -2.956468043430          0.895653110642     c 
          1.449945587987         -5.008108806301          1.586888573594     c 
          3.910043482405         -4.651708727809          2.461795915985     c 
         -1.904486051612         -3.251904144369          0.183843867365     h 
          0.700934695871         -6.899043971391          1.446355561273     h 
          5.064581585762         -6.246237041629          3.010772595368     h 
         -3.875985728298          0.012355804745          0.952882694355     h 
         -6.675627629199          2.269273655674         -0.745278202431     c 
         -8.238256153902         -0.130449476986         -0.547161615184     c 
         -7.545650814058          4.376558297120          1.039334095157     c 
         -6.794313038508          3.213530973723         -3.485827175378     c 
         -9.404065780529          5.068861515705          0.510478170396     h 
         -7.586385599600          3.715345036746          2.986683729947     h 
         -6.211799367191          5.932619906230          0.897328179408     h 
         -6.084944114379          1.779099741361         -4.773936482834     h 
         -8.739898481654          3.645147760696         -3.984196171808     h 
         -5.647238623595          4.903551093446         -3.681006899465     h 
         -7.335441149531         -2.320504618245         -1.695530673975     c 
         -8.686740510921         -4.552930943593         -1.594984200757     c 
        -10.985457177053         -4.637190409316         -0.348084762939     c 
        -11.912366346770         -2.470427424451          0.780637390390     c 
        -10.552151958873         -0.235814023641          0.683222727485     c 
         -5.555560967794         -2.267818619795         -2.696968382390     h 
         -7.948136322033         -6.228746372057         -2.497618896360     h 
        -12.047504269363         -6.377599934661         -0.265502344337     h 
        -13.709018704432         -2.512884345030          1.748849750649     h 
        -11.322260315570          1.424226016817          1.578477513187     h 
          8.453558343191          3.524280720982          0.408738422547     c 
          6.661607418278          4.532428016465          3.932137263230     h 
          7.735299118106          1.347732787308          3.811715599797     h 
          8.785983157137          1.321190566465         -1.426761903563     c 
          7.559032039661          5.090829282233         -0.593863408454     h 
         10.300248200764          4.163487257370          1.067983507266     h 
         10.202752271706         -0.916471191525         -0.274201439986     c 
          6.934505387476          0.685632889818         -2.082896871835     h 
          9.834646588366          1.996372020219         -3.070556753516     h 
         10.768498727440         -2.923512818559         -2.250478611269     c 
         11.982439473684         -0.267315534685          0.543649972223     h 
          9.062662218327         -1.799508666151          1.198846889415     h 
         12.411953588482         -2.009594869402         -4.049579711343     f 
         11.683772043606         -4.578649740543         -1.412895434887     h 
          9.054970260816         -3.498181478924         -3.257265480758     h 
$end
