   2315
         11          1         11
          1         12         12
          1         13         13
          8         14         21
         11         22         32
          6         33         38
          4         39         42
          1         43         43
          2         44         45
          1         46         46
          1         47         47
          2         48         49
          2         50         51
          1         52         52
          7         53         59
          1         60         60
          2         61         62
          4         63         66
          6         67         72
          2         73         74
          2         75         76
          1         77         77
          1         78         78
          1         79         79
         11         80         90
          2         91         92
          1         93         93
          1         94         94
          2         95         96
          1         97         97
          2         98         99
          3        100        102
          1        103        103
          2        104        105
          1        106        106
          1        107        107
          1        108        108
          2        109        110
          1        111        111
          1        112        112
          1        113        113
          4        114        117
          2        118        119
          2        120        121
          1        122        122
          1        123        123
          1        124        124
          1        125        125
          2        126        127
          2        128        129
          2        130        131
          4        132        135
          4        136        139
          2        140        141
          1        142        142
          1        143        143
          1        144        144
          1        145        145
          1        146        146
          1        147        147
          1        148        148
          2        149        150
          8        151        158
          1        159        159
          1        160        160
          1        161        161
          1        162        162
          1        163        163
          7        164        170
          1        171        171
          2        172        173
          5        174        178
          1        179        179
          1        180        180
          2        181        182
          1        183        183
          2        184        185
          1        186        186
          1        187        187
          6        188        193
          1        194        194
          1        195        195
          1        196        196
          1        197        197
          2        198        199
          1        200        200
          2        201        202
          1        203        203
          1        204        204
          5        205        209
          2        210        211
          1        212        212
          2        213        214
          2        215        216
          1        217        217
          1        218        218
          1        219        219
          3        220        222
          2        223        224
          2        225        226
          2        227        228
          1        229        229
          1        230        230
          1        231        231
          2        232        233
          1        234        234
          3        235        237
          1        238        238
          1        239        239
          3        240        242
          1        243        243
          1        244        244
          1        245        245
          1        246        246
          1        247        247
          2        248        249
          2        250        251
          3        252        254
          1        255        255
          1        256        256
          5        257        261
          1        262        262
          1        263        263
          1        264        264
          3        265        267
          2        268        269
          1        270        270
          5        271        275
          1        276        276
          1        277        277
          3        278        280
          1        281        281
          1        282        282
          1        283        283
          1        284        284
          1        285        285
          1        286        286
          1        287        287
          1        288        288
          1        289        289
          1        290        290
          1        291        291
          1        292        292
          1        293        293
          1        294        294
          1        295        295
          2        296        297
          3        298        300
          1        301        301
          2        302        303
          4        304        307
          1        308        308
          2        309        310
          4        311        314
          1        315        315
          2        316        317
          2        318        319
          2        320        321
          2        322        323
          1        324        324
          1        325        325
          4        326        329
          2        330        331
          1        332        332
          1        333        333
          1        334        334
          1        335        335
          1        336        336
          1        337        337
          1        338        338
          1        339        339
          1        340        340
          2        341        342
          2        343        344
          1        345        345
          2        346        347
          2        348        349
          2        350        351
          1        352        352
          1        353        353
          1        354        354
          2        355        356
          1        357        357
          2        358        359
          1        360        360
          1        361        361
          1        362        362
          1        363        363
          1        364        364
          1        365        365
          1        366        366
          1        367        367
          3        368        370
          1        371        371
          3        372        374
          1        375        375
          1        376        376
          1        377        377
          1        378        378
          1        379        379
          1        380        380
          1        381        381
          1        382        382
          1        383        383
          4        384        387
          4        388        391
          2        392        393
          1        394        394
          1        395        395
          1        396        396
          1        397        397
          1        398        398
          2        399        400
          1        401        401
          1        402        402
          1        403        403
          1        404        404
          1        405        405
          1        406        406
          2        407        408
          1        409        409
          2        410        411
          1        412        412
          2        413        414
          1        415        415
          1        416        416
          2        417        418
          1        419        419
          1        420        420
          2        421        422
          3        423        425
          4        426        429
          1        430        430
          1        431        431
          1        432        432
          1        433        433
          1        434        434
          1        435        435
          1        436        436
          1        437        437
          1        438        438
          1        439        439
          3        440        442
          1        443        443
          1        444        444
          1        445        445
          1        446        446
          1        447        447
          1        448        448
          1        449        449
         10        450        459
          1        460        460
          2        461        462
          1        463        463
          1        464        464
          1        465        465
          2        466        467
          2        468        469
          1        470        470
          1        471        471
          1        472        472
          1        473        473
          1        474        474
          1        475        475
          2        476        477
          5        478        482
          1        483        483
          1        484        484
          1        485        485
          1        486        486
          2        487        488
          2        489        490
          1        491        491
          1        492        492
          1        493        493
          1        494        494
          1        495        495
          2        496        497
          1        498        498
          1        499        499
          2        500        501
          3        502        504
          1        505        505
          1        506        506
          1        507        507
          2        508        509
          2        510        511
          1        512        512
          2        513        514
          2        515        516
          2        517        518
          2        519        520
          1        521        521
          1        522        522
          1        523        523
          2        524        525
          1        526        526
          3        527        529
          1        530        530
          1        531        531
          1        532        532
          1        533        533
          1        534        534
          1        535        535
          1        536        536
          2        537        538
          1        539        539
          2        540        541
          1        542        542
          1        543        543
          2        544        545
          2        546        547
          2        548        549
          1        550        550
          2        551        552
          3        553        555
          1        556        556
          1        557        557
          1        558        558
          1        559        559
          1        560        560
          1        561        561
          1        562        562
          1        563        563
          2        564        565
          1        566        566
          2        567        568
          2        569        570
          1        571        571
          1        572        572
          1        573        573
          1        574        574
          1        575        575
          1        576        576
          1        577        577
          3        578        580
          1        581        581
          1        582        582
          1        583        583
          1        584        584
          1        585        585
          1        586        586
          2        587        588
          3        589        591
          1        592        592
          1        593        593
          1        594        594
          1        595        595
          3        596        598
          1        599        599
          1        600        600
          1        601        601
          1        602        602
          1        603        603
          2        604        605
          1        606        606
          1        607        607
          1        608        608
          1        609        609
          1        610        610
          3        611        613
          1        614        614
          3        615        617
          1        618        618
          1        619        619
          1        620        620
          2        621        622
          2        623        624
          4        625        628
          1        629        629
          2        630        631
          1        632        632
          2        633        634
          1        635        635
          1        636        636
          6        637        642
          1        643        643
          1        644        644
          1        645        645
          1        646        646
          1        647        647
          1        648        648
          2        649        650
          1        651        651
          1        652        652
          2        653        654
          1        655        655
          2        656        657
          2        658        659
          1        660        660
          1        661        661
          1        662        662
          1        663        663
          1        664        664
          1        665        665
          4        666        669
          1        670        670
          2        671        672
          1        673        673
          1        674        674
          1        675        675
          1        676        676
          1        677        677
          2        678        679
          1        680        680
          1        681        681
          1        682        682
          2        683        684
          1        685        685
          1        686        686
          1        687        687
          1        688        688
          1        689        689
          2        690        691
          1        692        692
          1        693        693
          1        694        694
          1        695        695
          1        696        696
          1        697        697
          1        698        698
          1        699        699
          1        700        700
          4        701        704
          2        705        706
          2        707        708
          3        709        711
          1        712        712
          1        713        713
          1        714        714
          1        715        715
          1        716        716
          2        717        718
          1        719        719
          1        720        720
          1        721        721
          1        722        722
          1        723        723
          1        724        724
          2        725        726
          4        727        730
          4        731        734
          1        735        735
          1        736        736
          2        737        738
          1        739        739
          1        740        740
          2        741        742
          1        743        743
          1        744        744
          1        745        745
          2        746        747
          3        748        750
          1        751        751
          1        752        752
          2        753        754
          2        755        756
          2        757        758
          1        759        759
          1        760        760
          3        761        763
          3        764        766
          1        767        767
          1        768        768
          1        769        769
          5        770        774
          1        775        775
          1        776        776
          1        777        777
          1        778        778
          1        779        779
          1        780        780
          1        781        781
          1        782        782
          1        783        783
          1        784        784
          1        785        785
          2        786        787
          1        788        788
          1        789        789
          1        790        790
          1        791        791
          1        792        792
          1        793        793
          1        794        794
          2        795        796
          1        797        797
          1        798        798
          1        799        799
          1        800        800
          2        801        802
          1        803        803
          2        804        805
          1        806        806
          1        807        807
          1        808        808
          1        809        809
          2        810        811
          1        812        812
          1        813        813
          1        814        814
          4        815        818
          1        819        819
          1        820        820
          1        821        821
          1        822        822
          1        823        823
          1        824        824
          1        825        825
          1        826        826
          2        827        828
          2        829        830
          1        831        831
          1        832        832
          1        833        833
          1        834        834
          1        835        835
          1        836        836
          3        837        839
          3        840        842
          1        843        843
          1        844        844
          1        845        845
          1        846        846
          1        847        847
          1        848        848
          1        849        849
          1        850        850
          1        851        851
          1        852        852
          1        853        853
          2        854        855
          1        856        856
          2        857        858
          1        859        859
          6        860        865
          1        866        866
          1        867        867
          1        868        868
          1        869        869
          2        870        871
          1        872        872
          6        873        878
          1        879        879
          1        880        880
          2        881        882
          1        883        883
          2        884        885
          1        886        886
          1        887        887
          1        888        888
          2        889        890
          1        891        891
          2        892        893
          1        894        894
          2        895        896
          1        897        897
          1        898        898
          1        899        899
          4        900        903
          1        904        904
          1        905        905
          1        906        906
          1        907        907
          2        908        909
          1        910        910
          1        911        911
          1        912        912
          1        913        913
          1        914        914
          1        915        915
          1        916        916
          1        917        917
          2        918        919
          1        920        920
          1        921        921
          2        922        923
          2        924        925
          1        926        926
          1        927        927
          3        928        930
          1        931        931
          1        932        932
          1        933        933
          2        934        935
          1        936        936
          1        937        937
          1        938        938
          1        939        939
          1        940        940
          1        941        941
          1        942        942
          1        943        943
          1        944        944
          3        945        947
          1        948        948
          1        949        949
          2        950        951
          1        952        952
          1        953        953
          2        954        955
          1        956        956
          1        957        957
          1        958        958
          3        959        961
          1        962        962
          1        963        963
          1        964        964
          1        965        965
          4        966        969
          1        970        970
          1        971        971
          1        972        972
          1        973        973
          2        974        975
          1        976        976
          1        977        977
          1        978        978
          1        979        979
          1        980        980
          1        981        981
          2        982        983
          6        984        989
          1        990        990
          3        991        993
          1        994        994
          1        995        995
          1        996        996
          1        997        997
          1        998        998
          1        999        999
          1       1000       1000
          5       1001       1005
          1       1006       1006
          2       1007       1008
          1       1009       1009
          1       1010       1010
          1       1011       1011
          1       1012       1012
          1       1013       1013
          1       1014       1014
          2       1015       1016
          1       1017       1017
          3       1018       1020
          1       1021       1021
          1       1022       1022
          1       1023       1023
          2       1024       1025
          2       1026       1027
          2       1028       1029
          2       1030       1031
          1       1032       1032
          1       1033       1033
          2       1034       1035
          1       1036       1036
          1       1037       1037
          1       1038       1038
          2       1039       1040
          2       1041       1042
          2       1043       1044
          1       1045       1045
          1       1046       1046
          2       1047       1048
          1       1049       1049
          2       1050       1051
          1       1052       1052
          1       1053       1053
          1       1054       1054
          1       1055       1055
          1       1056       1056
          2       1057       1058
          2       1059       1060
          1       1061       1061
          1       1062       1062
          3       1063       1065
          1       1066       1066
          2       1067       1068
          1       1069       1069
          1       1070       1070
          2       1071       1072
          1       1073       1073
          1       1074       1074
          1       1075       1075
          2       1076       1077
          1       1078       1078
          1       1079       1079
          1       1080       1080
          1       1081       1081
          2       1082       1083
          1       1084       1084
          1       1085       1085
          1       1086       1086
          1       1087       1087
          2       1088       1089
          1       1090       1090
          1       1091       1091
          1       1092       1092
          1       1093       1093
          1       1094       1094
          2       1095       1096
          1       1097       1097
          1       1098       1098
          1       1099       1099
          1       1100       1100
          1       1101       1101
          2       1102       1103
          2       1104       1105
          1       1106       1106
          1       1107       1107
          1       1108       1108
          2       1109       1110
          1       1111       1111
          1       1112       1112
          2       1113       1114
          1       1115       1115
          1       1116       1116
          1       1117       1117
          2       1118       1119
          1       1120       1120
          1       1121       1121
          2       1122       1123
          3       1124       1126
          2       1127       1128
          1       1129       1129
          1       1130       1130
          3       1131       1133
          3       1134       1136
          1       1137       1137
          3       1138       1140
          3       1141       1143
          3       1144       1146
          1       1147       1147
          1       1148       1148
          1       1149       1149
          1       1150       1150
          1       1151       1151
          1       1152       1152
          4       1153       1156
          1       1157       1157
          1       1158       1158
          1       1159       1159
          1       1160       1160
          2       1161       1162
          1       1163       1163
          1       1164       1164
          1       1165       1165
          1       1166       1166
          1       1167       1167
          1       1168       1168
          1       1169       1169
          1       1170       1170
          1       1171       1171
          1       1172       1172
          1       1173       1173
          3       1174       1176
          3       1177       1179
          1       1180       1180
          2       1181       1182
          2       1183       1184
          1       1185       1185
          1       1186       1186
          1       1187       1187
          1       1188       1188
          1       1189       1189
          1       1190       1190
          7       1191       1197
          3       1198       1200
          1       1201       1201
          1       1202       1202
          2       1203       1204
          1       1205       1205
          1       1206       1206
          1       1207       1207
          2       1208       1209
          1       1210       1210
          2       1211       1212
          2       1213       1214
          1       1215       1215
          1       1216       1216
          1       1217       1217
          1       1218       1218
          1       1219       1219
          1       1220       1220
          1       1221       1221
          2       1222       1223
          1       1224       1224
          1       1225       1225
          4       1226       1229
          1       1230       1230
          2       1231       1232
          1       1233       1233
          1       1234       1234
          1       1235       1235
          1       1236       1236
          1       1237       1237
          1       1238       1238
          1       1239       1239
          1       1240       1240
          1       1241       1241
          1       1242       1242
          1       1243       1243
          1       1244       1244
          4       1245       1248
          2       1249       1250
          1       1251       1251
          1       1252       1252
          1       1253       1253
          4       1254       1257
          3       1258       1260
          1       1261       1261
          1       1262       1262
          2       1263       1264
          1       1265       1265
          1       1266       1266
          1       1267       1267
          1       1268       1268
          1       1269       1269
          1       1270       1270
          1       1271       1271
          2       1272       1273
          2       1274       1275
          1       1276       1276
          1       1277       1277
          1       1278       1278
          1       1279       1279
          4       1280       1283
          1       1284       1284
          3       1285       1287
          1       1288       1288
          1       1289       1289
          1       1290       1290
          1       1291       1291
          1       1292       1292
          1       1293       1293
          2       1294       1295
          1       1296       1296
          2       1297       1298
          1       1299       1299
          1       1300       1300
          1       1301       1301
          1       1302       1302
          1       1303       1303
          1       1304       1304
          1       1305       1305
          1       1306       1306
          2       1307       1308
          1       1309       1309
          1       1310       1310
          1       1311       1311
          1       1312       1312
          2       1313       1314
          1       1315       1315
          1       1316       1316
          3       1317       1319
          1       1320       1320
          1       1321       1321
          1       1322       1322
          1       1323       1323
          1       1324       1324
          1       1325       1325
          1       1326       1326
          1       1327       1327
          1       1328       1328
          1       1329       1329
          1       1330       1330
          1       1331       1331
          1       1332       1332
          1       1333       1333
          1       1334       1334
          1       1335       1335
          1       1336       1336
          1       1337       1337
          1       1338       1338
          1       1339       1339
          4       1340       1343
          1       1344       1344
          1       1345       1345
          1       1346       1346
          3       1347       1349
          1       1350       1350
          1       1351       1351
          1       1352       1352
          2       1353       1354
          3       1355       1357
          1       1358       1358
          1       1359       1359
          1       1360       1360
          1       1361       1361
          1       1362       1362
          1       1363       1363
          1       1364       1364
          1       1365       1365
          1       1366       1366
          2       1367       1368
          1       1369       1369
          2       1370       1371
          3       1372       1374
          2       1375       1376
          1       1377       1377
          1       1378       1378
          1       1379       1379
          2       1380       1381
          2       1382       1383
          2       1384       1385
          1       1386       1386
          1       1387       1387
          1       1388       1388
          1       1389       1389
          6       1390       1395
          1       1396       1396
          2       1397       1398
          1       1399       1399
          2       1400       1401
          2       1402       1403
          2       1404       1405
          1       1406       1406
          1       1407       1407
          5       1408       1412
          1       1413       1413
          1       1414       1414
          1       1415       1415
          1       1416       1416
          1       1417       1417
          1       1418       1418
          2       1419       1420
          1       1421       1421
          2       1422       1423
          1       1424       1424
          1       1425       1425
          1       1426       1426
          1       1427       1427
          1       1428       1428
          2       1429       1430
          2       1431       1432
          1       1433       1433
          2       1434       1435
          3       1436       1438
          2       1439       1440
          2       1441       1442
          1       1443       1443
          1       1444       1444
          2       1445       1446
          1       1447       1447
          1       1448       1448
          1       1449       1449
          1       1450       1450
          2       1451       1452
          1       1453       1453
          1       1454       1454
          1       1455       1455
          1       1456       1456
          1       1457       1457
          1       1458       1458
          1       1459       1459
          1       1460       1460
          1       1461       1461
          1       1462       1462
          2       1463       1464
          1       1465       1465
          1       1466       1466
          2       1467       1468
          2       1469       1470
          2       1471       1472
          3       1473       1475
          1       1476       1476
          2       1477       1478
          1       1479       1479
          1       1480       1480
          3       1481       1483
          2       1484       1485
          2       1486       1487
          4       1488       1491
          1       1492       1492
          1       1493       1493
          1       1494       1494
          1       1495       1495
          1       1496       1496
          2       1497       1498
          4       1499       1502
          1       1503       1503
          1       1504       1504
          1       1505       1505
          2       1506       1507
          2       1508       1509
          1       1510       1510
          2       1511       1512
          2       1513       1514
          2       1515       1516
          1       1517       1517
          1       1518       1518
          1       1519       1519
          2       1520       1521
          1       1522       1522
          1       1523       1523
          1       1524       1524
          2       1525       1526
          1       1527       1527
          1       1528       1528
          1       1529       1529
          1       1530       1530
          1       1531       1531
          1       1532       1532
          1       1533       1533
          1       1534       1534
          2       1535       1536
          1       1537       1537
          2       1538       1539
          1       1540       1540
          2       1541       1542
          3       1543       1545
          3       1546       1548
          1       1549       1549
          3       1550       1552
          1       1553       1553
          1       1554       1554
          1       1555       1555
          1       1556       1556
          1       1557       1557
          1       1558       1558
          1       1559       1559
          1       1560       1560
          2       1561       1562
          1       1563       1563
          1       1564       1564
          1       1565       1565
          2       1566       1567
          1       1568       1568
          2       1569       1570
          1       1571       1571
          1       1572       1572
          2       1573       1574
          1       1575       1575
          1       1576       1576
          2       1577       1578
          2       1579       1580
          1       1581       1581
          2       1582       1583
          1       1584       1584
          1       1585       1585
          1       1586       1586
          2       1587       1588
          1       1589       1589
          2       1590       1591
          1       1592       1592
          1       1593       1593
          3       1594       1596
          1       1597       1597
          1       1598       1598
          1       1599       1599
          2       1600       1601
          1       1602       1602
          1       1603       1603
          1       1604       1604
          1       1605       1605
          2       1606       1607
          1       1608       1608
          1       1609       1609
          1       1610       1610
          1       1611       1611
          2       1612       1613
          3       1614       1616
          1       1617       1617
          2       1618       1619
          1       1620       1620
          4       1621       1624
          1       1625       1625
          1       1626       1626
          1       1627       1627
          2       1628       1629
          2       1630       1631
          2       1632       1633
          2       1634       1635
          1       1636       1636
          1       1637       1637
          1       1638       1638
          1       1639       1639
          2       1640       1641
          2       1642       1643
          2       1644       1645
          1       1646       1646
          1       1647       1647
          2       1648       1649
          1       1650       1650
          1       1651       1651
          1       1652       1652
          1       1653       1653
          2       1654       1655
          1       1656       1656
          1       1657       1657
          1       1658       1658
          1       1659       1659
          3       1660       1662
          4       1663       1666
          1       1667       1667
          2       1668       1669
          2       1670       1671
          1       1672       1672
          1       1673       1673
          1       1674       1674
          4       1675       1678
          2       1679       1680
          3       1681       1683
          1       1684       1684
          1       1685       1685
          1       1686       1686
          1       1687       1687
          1       1688       1688
          1       1689       1689
          1       1690       1690
          1       1691       1691
          4       1692       1695
          1       1696       1696
          1       1697       1697
          1       1698       1698
          1       1699       1699
          1       1700       1700
          1       1701       1701
          1       1702       1702
          1       1703       1703
          1       1704       1704
          2       1705       1706
          2       1707       1708
          1       1709       1709
          1       1710       1710
          2       1711       1712
          3       1713       1715
          4       1716       1719
          2       1720       1721
          1       1722       1722
          1       1723       1723
          1       1724       1724
          1       1725       1725
          7       1726       1732
          1       1733       1733
          2       1734       1735
          1       1736       1736
          1       1737       1737
          1       1738       1738
          2       1739       1740
          1       1741       1741
          2       1742       1743
          1       1744       1744
          1       1745       1745
          1       1746       1746
          1       1747       1747
          1       1748       1748
          2       1749       1750
          1       1751       1751
          1       1752       1752
          1       1753       1753
          2       1754       1755
          1       1756       1756
          1       1757       1757
          1       1758       1758
          1       1759       1759
          1       1760       1760
          2       1761       1762
          1       1763       1763
          2       1764       1765
          1       1766       1766
          2       1767       1768
          1       1769       1769
          1       1770       1770
          1       1771       1771
          1       1772       1772
          1       1773       1773
          1       1774       1774
          2       1775       1776
          1       1777       1777
          1       1778       1778
          1       1779       1779
          1       1780       1780
          2       1781       1782
          1       1783       1783
          1       1784       1784
          1       1785       1785
          1       1786       1786
          2       1787       1788
          2       1789       1790
          1       1791       1791
          1       1792       1792
          1       1793       1793
          2       1794       1795
          1       1796       1796
          1       1797       1797
          1       1798       1798
          1       1799       1799
          1       1800       1800
          1       1801       1801
          1       1802       1802
          1       1803       1803
          2       1804       1805
          1       1806       1806
          1       1807       1807
          1       1808       1808
          1       1809       1809
          1       1810       1810
          1       1811       1811
          1       1812       1812
          1       1813       1813
          1       1814       1814
          1       1815       1815
          2       1816       1817
          1       1818       1818
          1       1819       1819
          1       1820       1820
          1       1821       1821
          1       1822       1822
          1       1823       1823
          1       1824       1824
          1       1825       1825
          1       1826       1826
          2       1827       1828
          1       1829       1829
          2       1830       1831
          1       1832       1832
          1       1833       1833
          1       1834       1834
          1       1835       1835
          2       1836       1837
          1       1838       1838
          1       1839       1839
          1       1840       1840
          1       1841       1841
          1       1842       1842
          1       1843       1843
          1       1844       1844
          3       1845       1847
          1       1848       1848
          1       1849       1849
          1       1850       1850
          2       1851       1852
          1       1853       1853
          1       1854       1854
          2       1855       1856
          1       1857       1857
          1       1858       1858
          1       1859       1859
          1       1860       1860
          1       1861       1861
          1       1862       1862
          1       1863       1863
          1       1864       1864
          2       1865       1866
          1       1867       1867
          1       1868       1868
          4       1869       1872
          1       1873       1873
          1       1874       1874
          1       1875       1875
          1       1876       1876
          1       1877       1877
          1       1878       1878
          1       1879       1879
          1       1880       1880
          1       1881       1881
          1       1882       1882
          1       1883       1883
          2       1884       1885
          1       1886       1886
          1       1887       1887
          1       1888       1888
          1       1889       1889
          1       1890       1890
          3       1891       1893
          1       1894       1894
          1       1895       1895
          1       1896       1896
          1       1897       1897
          2       1898       1899
          1       1900       1900
          1       1901       1901
          1       1902       1902
          2       1903       1904
          1       1905       1905
          1       1906       1906
          1       1907       1907
          1       1908       1908
          1       1909       1909
          1       1910       1910
          1       1911       1911
          1       1912       1912
          1       1913       1913
          1       1914       1914
          1       1915       1915
          2       1916       1917
          1       1918       1918
          2       1919       1920
          1       1921       1921
          1       1922       1922
          1       1923       1923
          2       1924       1925
          1       1926       1926
          1       1927       1927
          3       1928       1930
          2       1931       1932
          1       1933       1933
          1       1934       1934
          1       1935       1935
          1       1936       1936
          1       1937       1937
          1       1938       1938
          1       1939       1939
          1       1940       1940
          1       1941       1941
          1       1942       1942
          2       1943       1944
          1       1945       1945
          3       1946       1948
          1       1949       1949
          1       1950       1950
          4       1951       1954
          1       1955       1955
          1       1956       1956
          1       1957       1957
          1       1958       1958
          1       1959       1959
          1       1960       1960
          1       1961       1961
          1       1962       1962
          1       1963       1963
          1       1964       1964
          1       1965       1965
          1       1966       1966
          2       1967       1968
          2       1969       1970
          2       1971       1972
          1       1973       1973
          1       1974       1974
          1       1975       1975
          1       1976       1976
          1       1977       1977
          1       1978       1978
          1       1979       1979
          2       1980       1981
          1       1982       1982
          1       1983       1983
          1       1984       1984
          1       1985       1985
          1       1986       1986
          1       1987       1987
          1       1988       1988
          2       1989       1990
          1       1991       1991
          1       1992       1992
          1       1993       1993
          1       1994       1994
          2       1995       1996
          1       1997       1997
          3       1998       2000
          2       2001       2002
          1       2003       2003
          2       2004       2005
          1       2006       2006
          5       2007       2011
          1       2012       2012
          1       2013       2013
          1       2014       2014
          1       2015       2015
          1       2016       2016
          1       2017       2017
          2       2018       2019
          1       2020       2020
          1       2021       2021
          5       2022       2026
          2       2027       2028
          1       2029       2029
          1       2030       2030
          1       2031       2031
          1       2032       2032
          1       2033       2033
          1       2034       2034
          1       2035       2035
          1       2036       2036
          1       2037       2037
          1       2038       2038
          1       2039       2039
          1       2040       2040
          1       2041       2041
          1       2042       2042
          1       2043       2043
          1       2044       2044
          1       2045       2045
          2       2046       2047
          1       2048       2048
          1       2049       2049
          1       2050       2050
          1       2051       2051
          2       2052       2053
          1       2054       2054
          1       2055       2055
          1       2056       2056
          1       2057       2057
          1       2058       2058
          1       2059       2059
          2       2060       2061
          1       2062       2062
          1       2063       2063
          1       2064       2064
          1       2065       2065
          1       2066       2066
          1       2067       2067
          1       2068       2068
          1       2069       2069
          2       2070       2071
          1       2072       2072
          1       2073       2073
          3       2074       2076
          1       2077       2077
          2       2078       2079
          1       2080       2080
          1       2081       2081
          1       2082       2082
          1       2083       2083
          2       2084       2085
          1       2086       2086
          1       2087       2087
          1       2088       2088
          1       2089       2089
          2       2090       2091
          1       2092       2092
          1       2093       2093
          1       2094       2094
          1       2095       2095
          1       2096       2096
          3       2097       2099
          1       2100       2100
          1       2101       2101
          1       2102       2102
          1       2103       2103
          1       2104       2104
          1       2105       2105
          1       2106       2106
          1       2107       2107
          1       2108       2108
          1       2109       2109
          1       2110       2110
          1       2111       2111
          1       2112       2112
          1       2113       2113
          1       2114       2114
          3       2115       2117
          1       2118       2118
          1       2119       2119
          1       2120       2120
          1       2121       2121
          2       2122       2123
          1       2124       2124
          1       2125       2125
          2       2126       2127
          1       2128       2128
          1       2129       2129
          1       2130       2130
          1       2131       2131
          1       2132       2132
          2       2133       2134
          1       2135       2135
          2       2136       2137
          1       2138       2138
          1       2139       2139
          1       2140       2140
          4       2141       2144
          1       2145       2145
          2       2146       2147
          1       2148       2148
          1       2149       2149
          3       2150       2152
          2       2153       2154
          1       2155       2155
          1       2156       2156
          1       2157       2157
          1       2158       2158
          1       2159       2159
          1       2160       2160
          1       2161       2161
          1       2162       2162
          1       2163       2163
          1       2164       2164
          3       2165       2167
          1       2168       2168
          1       2169       2169
          1       2170       2170
          1       2171       2171
          1       2172       2172
          1       2173       2173
          1       2174       2174
          1       2175       2175
          1       2176       2176
          1       2177       2177
          1       2178       2178
          2       2179       2180
          1       2181       2181
          1       2182       2182
          1       2183       2183
          1       2184       2184
          1       2185       2185
          1       2186       2186
          1       2187       2187
          1       2188       2188
          1       2189       2189
          1       2190       2190
          1       2191       2191
          1       2192       2192
          1       2193       2193
          1       2194       2194
          1       2195       2195
          1       2196       2196
          1       2197       2197
          1       2198       2198
          1       2199       2199
          2       2200       2201
          1       2202       2202
          1       2203       2203
          1       2204       2204
          1       2205       2205
          1       2206       2206
          1       2207       2207
          1       2208       2208
          1       2209       2209
          1       2210       2210
          1       2211       2211
          2       2212       2213
          1       2214       2214
          1       2215       2215
          2       2216       2217
          1       2218       2218
          1       2219       2219
          1       2220       2220
          1       2221       2221
          1       2222       2222
          2       2223       2224
          1       2225       2225
          1       2226       2226
          2       2227       2228
          1       2229       2229
          1       2230       2230
          1       2231       2231
          2       2232       2233
          2       2234       2235
          1       2236       2236
          1       2237       2237
          1       2238       2238
          2       2239       2240
          1       2241       2241
          2       2242       2243
          1       2244       2244
          1       2245       2245
          1       2246       2246
          1       2247       2247
          1       2248       2248
          1       2249       2249
          1       2250       2250
          3       2251       2253
          4       2254       2257
          1       2258       2258
          1       2259       2259
          2       2260       2261
          1       2262       2262
          3       2263       2265
          1       2266       2266
          1       2267       2267
          1       2268       2268
          1       2269       2269
          1       2270       2270
          1       2271       2271
          1       2272       2272
          1       2273       2273
          2       2274       2275
          1       2276       2276
          2       2277       2278
          3       2279       2281
          1       2282       2282
          1       2283       2283
          1       2284       2284
          1       2285       2285
          1       2286       2286
          1       2287       2287
          1       2288       2288
          1       2289       2289
          2       2290       2291
          1       2292       2292
          1       2293       2293
          1       2294       2294
          4       2295       2298
          1       2299       2299
          1       2300       2300
          1       2301       2301
          1       2302       2302
          1       2303       2303
          1       2304       2304
          1       2305       2305
          1       2306       2306
          2       2307       2308
          2       2309       2310
          1       2311       2311
          1       2312       2312
          2       2313       2314
          1       2315       2315
          1       2316       2316
          4       2317       2320
          1       2321       2321
          1       2322       2322
          1       2323       2323
          1       2324       2324
          1       2325       2325
          2       2326       2327
          1       2328       2328
          1       2329       2329
          1       2330       2330
          1       2331       2331
          1       2332       2332
          1       2333       2333
          1       2334       2334
          1       2335       2335
          1       2336       2336
          1       2337       2337
          1       2338       2338
          1       2339       2339
          1       2340       2340
          1       2341       2341
          1       2342       2342
          1       2343       2343
          4       2344       2347
          1       2348       2348
          1       2349       2349
          1       2350       2350
          1       2351       2351
          1       2352       2352
          1       2353       2353
          1       2354       2354
          1       2355       2355
          1       2356       2356
          1       2357       2357
          1       2358       2358
          1       2359       2359
          1       2360       2360
          1       2361       2361
          2       2362       2363
          1       2364       2364
          1       2365       2365
          2       2366       2367
          2       2368       2369
          2       2370       2371
          1       2372       2372
          2       2373       2374
          1       2375       2375
          7       2376       2382
          1       2383       2383
          1       2384       2384
          1       2385       2385
          1       2386       2386
          1       2387       2387
          1       2388       2388
          1       2389       2389
          1       2390       2390
          1       2391       2391
          1       2392       2392
          1       2393       2393
          1       2394       2394
          2       2395       2396
          1       2397       2397
          1       2398       2398
          1       2399       2399
          1       2400       2400
          1       2401       2401
          1       2402       2402
          1       2403       2403
          2       2404       2405
          1       2406       2406
          1       2407       2407
          2       2408       2409
          1       2410       2410
          1       2411       2411
          1       2412       2412
          1       2413       2413
          1       2414       2414
          2       2415       2416
          1       2417       2417
          1       2418       2418
          1       2419       2419
          1       2420       2420
          1       2421       2421
          1       2422       2422
          1       2423       2423
          1       2424       2424
          1       2425       2425
          1       2426       2426
          1       2427       2427
          2       2428       2429
          1       2430       2430
          1       2431       2431
          1       2432       2432
          2       2433       2434
          1       2435       2435
          1       2436       2436
          1       2437       2437
          1       2438       2438
          1       2439       2439
          1       2440       2440
          1       2441       2441
          1       2442       2442
          1       2443       2443
          1       2444       2444
          2       2445       2446
          1       2447       2447
          1       2448       2448
          1       2449       2449
          1       2450       2450
          2       2451       2452
          1       2453       2453
          1       2454       2454
          1       2455       2455
          1       2456       2456
          1       2457       2457
          1       2458       2458
          2       2459       2460
          1       2461       2461
          1       2462       2462
          2       2463       2464
          3       2465       2467
          2       2468       2469
          3       2470       2472
          1       2473       2473
          1       2474       2474
          1       2475       2475
          1       2476       2476
          2       2477       2478
          1       2479       2479
          1       2480       2480
          2       2481       2482
          1       2483       2483
          1       2484       2484
          1       2485       2485
          1       2486       2486
          1       2487       2487
          1       2488       2488
          1       2489       2489
          1       2490       2490
          1       2491       2491
          2       2492       2493
          1       2494       2494
          1       2495       2495
          1       2496       2496
          1       2497       2497
          2       2498       2499
          4       2500       2503
          2       2504       2505
          1       2506       2506
          3       2507       2509
          2       2510       2511
          2       2512       2513
          1       2514       2514
          2       2515       2516
          1       2517       2517
          2       2518       2519
          1       2520       2520
          3       2521       2523
          5       2524       2528
          1       2529       2529
          1       2530       2530
          2       2531       2532
          1       2533       2533
          2       2534       2535
          2       2536       2537
          1       2538       2538
          1       2539       2539
          2       2540       2541
          2       2542       2543
          7       2544       2550
          2       2551       2552
          1       2553       2553
          2       2554       2555
          1       2556       2556
          1       2557       2557
          1       2558       2558
          1       2559       2559
          1       2560       2560
          1       2561       2561
          1       2562       2562
          1       2563       2563
          1       2564       2564
          1       2565       2565
          3       2566       2568
          1       2569       2569
          1       2570       2570
          1       2571       2571
          1       2572       2572
          2       2573       2574
          1       2575       2575
          1       2576       2576
          1       2577       2577
          2       2578       2579
          2       2580       2581
          2       2582       2583
          2       2584       2585
          1       2586       2586
          1       2587       2587
          6       2588       2593
          1       2594       2594
          1       2595       2595
          1       2596       2596
          1       2597       2597
          1       2598       2598
          2       2599       2600
          1       2601       2601
          1       2602       2602
          1       2603       2603
          1       2604       2604
          1       2605       2605
          2       2606       2607
          3       2608       2610
          1       2611       2611
          1       2612       2612
          1       2613       2613
          1       2614       2614
          1       2615       2615
          2       2616       2617
          4       2618       2621
          2       2622       2623
          1       2624       2624
          2       2625       2626
          1       2627       2627
          1       2628       2628
          1       2629       2629
          1       2630       2630
          1       2631       2631
          1       2632       2632
          1       2633       2633
          1       2634       2634
          1       2635       2635
          1       2636       2636
          1       2637       2637
          1       2638       2638
          1       2639       2639
          1       2640       2640
          1       2641       2641
          3       2642       2644
          1       2645       2645
          2       2646       2647
          1       2648       2648
          1       2649       2649
          1       2650       2650
          1       2651       2651
          2       2652       2653
          1       2654       2654
          1       2655       2655
          1       2656       2656
          3       2657       2659
          1       2660       2660
          1       2661       2661
          1       2662       2662
          1       2663       2663
          1       2664       2664
          1       2665       2665
          1       2666       2666
          1       2667       2667
          1       2668       2668
          1       2669       2669
          1       2670       2670
          1       2671       2671
          1       2672       2672
          1       2673       2673
          3       2674       2676
          1       2677       2677
          1       2678       2678
          2       2679       2680
          1       2681       2681
          1       2682       2682
          1       2683       2683
          1       2684       2684
          1       2685       2685
          2       2686       2687
          1       2688       2688
          1       2689       2689
          1       2690       2690
          1       2691       2691
          2       2692       2693
          1       2694       2694
          1       2695       2695
          1       2696       2696
          1       2697       2697
          1       2698       2698
          1       2699       2699
          1       2700       2700
          1       2701       2701
          2       2702       2703
          1       2704       2704
          1       2705       2705
          1       2706       2706
          1       2707       2707
          1       2708       2708
          1       2709       2709
          1       2710       2710
          1       2711       2711
          1       2712       2712
          1       2713       2713
          1       2714       2714
          1       2715       2715
          1       2716       2716
          1       2717       2717
          1       2718       2718
          1       2719       2719
          1       2720       2720
          1       2721       2721
          1       2722       2722
          1       2723       2723
          1       2724       2724
          1       2725       2725
          1       2726       2726
          1       2727       2727
          1       2728       2728
          1       2729       2729
          1       2730       2730
          1       2731       2731
          1       2732       2732
          1       2733       2733
          1       2734       2734
          1       2735       2735
          1       2736       2736
          3       2737       2739
          1       2740       2740
          1       2741       2741
          1       2742       2742
          1       2743       2743
          1       2744       2744
          1       2745       2745
          1       2746       2746
          2       2747       2748
          1       2749       2749
          1       2750       2750
          1       2751       2751
          5       2752       2756
          1       2757       2757
          3       2758       2760
          1       2761       2761
          1       2762       2762
          1       2763       2763
          1       2764       2764
          1       2765       2765
          1       2766       2766
          1       2767       2767
          1       2768       2768
          1       2769       2769
          1       2770       2770
          1       2771       2771
          1       2772       2772
          1       2773       2773
          2       2774       2775
          1       2776       2776
          1       2777       2777
          1       2778       2778
          1       2779       2779
          1       2780       2780
          2       2781       2782
          1       2783       2783
          1       2784       2784
          1       2785       2785
          2       2786       2787
          1       2788       2788
          1       2789       2789
          1       2790       2790
          1       2791       2791
          1       2792       2792
          1       2793       2793
          1       2794       2794
          1       2795       2795
          1       2796       2796
          1       2797       2797
          1       2798       2798
          1       2799       2799
          1       2800       2800
          1       2801       2801
          1       2802       2802
          1       2803       2803
          1       2804       2804
          2       2805       2806
          1       2807       2807
          2       2808       2809
          1       2810       2810
          1       2811       2811
          1       2812       2812
          1       2813       2813
          1       2814       2814
          1       2815       2815
          2       2816       2817
          1       2818       2818
          1       2819       2819
          1       2820       2820
          1       2821       2821
          1       2822       2822
          1       2823       2823
          1       2824       2824
          2       2825       2826
          1       2827       2827
          1       2828       2828
          1       2829       2829
          1       2830       2830
          1       2831       2831
          1       2832       2832
          1       2833       2833
          2       2834       2835
          1       2836       2836
          1       2837       2837
          1       2838       2838
          1       2839       2839
          3       2840       2842
          1       2843       2843
          1       2844       2844
          1       2845       2845
          2       2846       2847
          1       2848       2848
          1       2849       2849
          1       2850       2850
          1       2851       2851
          1       2852       2852
          1       2853       2853
          1       2854       2854
          1       2855       2855
          1       2856       2856
          1       2857       2857
          2       2858       2859
          1       2860       2860
          1       2861       2861
          1       2862       2862
          1       2863       2863
          1       2864       2864
          2       2865       2866
          1       2867       2867
          1       2868       2868
          1       2869       2869
          1       2870       2870
          1       2871       2871
          1       2872       2872
          1       2873       2873
          1       2874       2874
          1       2875       2875
          2       2876       2877
          1       2878       2878
          1       2879       2879
          1       2880       2880
          1       2881       2881
          1       2882       2882
          1       2883       2883
          1       2884       2884
          1       2885       2885
          1       2886       2886
          1       2887       2887
          1       2888       2888
          1       2889       2889
          1       2890       2890
          1       2891       2891
          1       2892       2892
          1       2893       2893
          1       2894       2894
          2       2895       2896
          1       2897       2897
          1       2898       2898
          1       2899       2899
          2       2900       2901
          3       2902       2904
          1       2905       2905
          1       2906       2906
          1       2907       2907
          3       2908       2910
          1       2911       2911
          1       2912       2912
          2       2913       2914
          1       2915       2915
          2       2916       2917
          2       2918       2919
          3       2920       2922
          1       2923       2923
          1       2924       2924
          1       2925       2925
          1       2926       2926
          1       2927       2927
          1       2928       2928
          1       2929       2929
          2       2930       2931
          1       2932       2932
          3       2933       2935
          1       2936       2936
          1       2937       2937
          1       2938       2938
          2       2939       2940
          1       2941       2941
          1       2942       2942
          1       2943       2943
          1       2944       2944
          1       2945       2945
          1       2946       2946
          1       2947       2947
          2       2948       2949
          1       2950       2950
          1       2951       2951
          1       2952       2952
          1       2953       2953
          1       2954       2954
          1       2955       2955
          1       2956       2956
          1       2957       2957
          1       2958       2958
          1       2959       2959
          1       2960       2960
          2       2961       2962
          1       2963       2963
          1       2964       2964
          1       2965       2965
          1       2966       2966
          1       2967       2967
          1       2968       2968
          1       2969       2969
          1       2970       2970
          1       2971       2971
          1       2972       2972
          1       2973       2973
          1       2974       2974
          1       2975       2975
          1       2976       2976
          1       2977       2977
          1       2978       2978
          1       2979       2979
          1       2980       2980
          1       2981       2981
          1       2982       2982
          1       2983       2983
          1       2984       2984
          1       2985       2985
          1       2986       2986
          2       2987       2988
          1       2989       2989
          1       2990       2990
          1       2991       2991
          1       2992       2992
          1       2993       2993
          1       2994       2994
          1       2995       2995
          1       2996       2996
          1       2997       2997
          1       2998       2998
          1       2999       2999
          4       3000       3003
          2       3004       3005
          1       3006       3006
          1       3007       3007
          1       3008       3008
          1       3009       3009
          1       3010       3010
          1       3011       3011
          1       3012       3012
          1       3013       3013
          1       3014       3014
          2       3015       3016
          1       3017       3017
          1       3018       3018
          1       3019       3019
          1       3020       3020
          1       3021       3021
          1       3022       3022
          1       3023       3023
          1       3024       3024
          1       3025       3025
          1       3026       3026
          2       3027       3028
          1       3029       3029
          1       3030       3030
          1       3031       3031
          1       3032       3032
          1       3033       3033
          1       3034       3034
          1       3035       3035
          1       3036       3036
          1       3037       3037
          1       3038       3038
          1       3039       3039
          1       3040       3040
          1       3041       3041
          2       3042       3043
          1       3044       3044
          1       3045       3045
          1       3046       3046
          1       3047       3047
          1       3048       3048
          1       3049       3049
          1       3050       3050
          1       3051       3051
          1       3052       3052
          1       3053       3053
          1       3054       3054
          1       3055       3055
          1       3056       3056
          1       3057       3057
          2       3058       3059
          1       3060       3060
          1       3061       3061
          2       3062       3063
          1       3064       3064
          2       3065       3066
          1       3067       3067
          1       3068       3068
          1       3069       3069
          1       3070       3070
          1       3071       3071
          1       3072       3072
          1       3073       3073
          1       3074       3074
          1       3075       3075
          1       3076       3076
          1       3077       3077
          1       3078       3078
          1       3079       3079
          1       3080       3080
          2       3081       3082
          1       3083       3083
          1       3084       3084
          1       3085       3085
          1       3086       3086
          1       3087       3087
          2       3088       3089
          2       3090       3091
          1       3092       3092
          1       3093       3093
          1       3094       3094
          1       3095       3095
          1       3096       3096
          1       3097       3097
          1       3098       3098
          1       3099       3099
          1       3100       3100
          1       3101       3101
          1       3102       3102
          1       3103       3103
          1       3104       3104
          1       3105       3105
          1       3106       3106
          1       3107       3107
          2       3108       3109
          1       3110       3110
          1       3111       3111
          1       3112       3112
          1       3113       3113
          1       3114       3114
          2       3115       3116
          2       3117       3118
          1       3119       3119
          1       3120       3120
          1       3121       3121
          1       3122       3122
          1       3123       3123
          2       3124       3125
          1       3126       3126
          1       3127       3127
          1       3128       3128
          1       3129       3129
          1       3130       3130
          1       3131       3131
          1       3132       3132
          1       3133       3133
          1       3134       3134
          1       3135       3135
          1       3136       3136
          1       3137       3137
          1       3138       3138
          1       3139       3139
          1       3140       3140
          1       3141       3141
          1       3142       3142
          1       3143       3143
          1       3144       3144
          1       3145       3145
          1       3146       3146
          1       3147       3147
          1       3148       3148
          2       3149       3150
          1       3151       3151
          1       3152       3152
          1       3153       3153
          1       3154       3154
          2       3155       3156
          1       3157       3157
          1       3158       3158
          1       3159       3159
          1       3160       3160
          1       3161       3161
          1       3162       3162
          2       3163       3164
          1       3165       3165
          1       3166       3166
          1       3167       3167
          1       3168       3168
          1       3169       3169
          1       3170       3170
          1       3171       3171
          1       3172       3172
          1       3173       3173
          1       3174       3174
          1       3175       3175
          1       3176       3176
          1       3177       3177
          1       3178       3178
          1       3179       3179
          1       3180       3180
          1       3181       3181
          1       3182       3182
          1       3183       3183
          1       3184       3184
          2       3185       3186
          1       3187       3187
          1       3188       3188
          1       3189       3189
          2       3190       3191
          1       3192       3192
          1       3193       3193
          1       3194       3194
          2       3195       3196
