    0.28856135
   -0.01353062
   -0.30691271
   -0.49995016
    0.01159583
    0.15008601
   -0.19467796
    0.01765217
    0.04266954
   -0.00690232
   -0.30294374
   -0.02499787
   -0.03338973
    0.05931773
    0.09704579
    0.05441894
    0.06104400
    0.11287419
    0.06553333
   -0.01099643
   -0.07840878
   -0.07840929
    0.04237912
    0.06084909
    0.10054830
    0.04237927
    0.10055210
    0.06085030
   -0.03528651
   -0.03342107
   -0.03316581
   -0.03358140
   -0.03044607
    0.04155424
    0.04666790
    0.04797691
    0.04789706
    0.04524948
   -0.05331397
    0.06390850
    0.06390796
   -0.05622947
    0.04675478
    0.04675465
   -0.05339609
    0.04215118
    0.04215121
    0.04461599
    0.06107034
    0.06107031
   -0.30844788
    0.05916018
    0.05916014
