           1           2   1.02428448487253     
           1           3   1.22706210173157     
           1           4   1.63748112263651     
           3           4  0.188880371032848     
           2           5   1.18946163483283     
           5           6   1.22891456713035     
           6           7   1.16095912407026     
           2           8   1.51379016159110     
           7           8   1.22578595196989     
           8           9  0.961094924213334     
           7          10  0.983250639349108     
           6          11   1.35010117876426     
           5          12   1.35200011314003     
          11          12  0.102793822407569     
          12          13   1.48330201943548     
          11          14   1.46091025680222     
          13          14   1.38138121538167     
          12          15  0.964452157065043     
          13          16  0.970648065193734     
          14          17  0.965166061572613     
           3          18  0.921921602648175     
           3          19  0.968845462180981     
          19          20  0.982454491116485     
          19          21  0.977465123183704     
          19          22  0.977465569479040     
          21          23  0.981706190704618     
          21          24  0.986924433276444     
          21          25  0.976241557709067     
          22          26  0.981706170674573     
          22          27  0.976240194293028     
          22          28  0.986924397381558     
          20          29   1.40017276250155     
          29          30   1.45731873262747     
          20          31  0.110600834544184     
          30          31   1.42881251298081     
          29          32  0.112744539449224     
          31          32   1.44711690321915     
          20          33   1.42366011048313     
          30          33  0.108209152859052     
          32          33   1.43333571083230     
          29          34  0.964602296007893     
          30          35  0.970834974450839     
          31          36  0.971184058509830     
          32          37  0.971299246428036     
          33          38  0.953555663477009     
          10          39   1.00738214191299     
          10          40  0.962880361953697     
          10          41  0.962879782001652     
          39          42   1.00559656926569     
          39          43  0.974890337653920     
          39          44  0.974890117435301     
          42          45   1.00706670561836     
          42          46  0.976675841290726     
          42          47  0.976675848566369     
          45          48   1.00382774064052     
          45          49  0.974943720934915     
          45          50  0.974943735567477     
          48          51  0.936912449475055     
          48          52  0.971728427481460     
          48          53  0.971728431486644     
