 conf.       E_tot       E_rel
---------------------------------
    1      -77.990961     0.00
    2      -77.990950     0.03
    3      -77.990941     0.05
    4      -77.990919     0.11
    5      -77.990899     0.16
    6      -77.990884     0.20
    7      -77.990829     0.35
    8      -77.990809     0.40
    9      -77.990832     0.34
   10      -77.990799     0.43
   11      -77.990742     0.58
   12      -77.990714     0.65
   13      -77.990692     0.71
   14      -77.990668     0.77
   15      -77.990658     0.80
   16      -77.990636     0.85
   17      -77.990626     0.88
   18      -77.990610     0.92
   19      -77.990580     1.00
   20      -77.990577     1.01
   21      -77.990576     1.01
   22      -77.990559     1.06
   23      -77.990557     1.06
   24      -77.990552     1.08
   25      -77.990545     1.09
   26      -77.990523     1.15
   27      -77.990514     1.17
   28      -77.990541     1.10
   29      -77.990511     1.18
   30      -77.990538     1.11
   31      -77.990510     1.19
   32      -77.990508     1.19
   33      -77.990503     1.20
   34      -77.990500     1.21
   35      -77.990500     1.21
   36      -77.990495     1.23
   37      -77.990476     1.28
   38      -77.990464     1.31
   39      -77.990433     1.39
   40      -77.990432     1.39
   41      -77.990431     1.39
   42      -77.990421     1.42
   43      -77.990412     1.44
   44      -77.990404     1.46
   45      -77.990437     1.38
   46      -77.990389     1.50
   47      -77.990371     1.55
   48      -77.990369     1.56
   49      -77.990336     1.64
   50      -77.990335     1.65
   51      -77.990329     1.66
   52      -77.990324     1.67
   53      -77.990324     1.67
   54      -77.990303     1.73
   55      -77.990300     1.74
   56      -77.990299     1.74
   57      -77.990292     1.76
   58      -77.990288     1.77
   59      -77.990222     1.94
   60      -77.990217     1.96
   61      -77.990214     1.96
   62      -77.990193     2.02
   63      -77.990188     2.03
   64      -77.990147     2.14
   65      -77.990155     2.12
   66      -77.990137     2.17
   67      -77.990155     2.12
   68      -77.990128     2.19
   69      -77.990127     2.19
   70      -77.990109     2.24
   71      -77.990102     2.26
   72      -77.990091     2.28
   73      -77.990066     2.35
   74      -77.990059     2.37
   75      -77.990064     2.36
   76      -77.990074     2.33
   77      -77.990049     2.40
   78      -77.990031     2.44
   79      -77.990029     2.45
   80      -77.990011     2.50
   81      -77.990006     2.51
   82      -77.990018     2.48
   83      -77.989972     2.60
   84      -77.989963     2.62
   85      -77.989957     2.64
   86      -77.989948     2.66
   87      -77.989901     2.78
   88      -77.989897     2.80
   89      -77.989855     2.91
   90      -77.989852     2.91
   91      -77.989845     2.93
   92      -77.989829     2.97
   93      -77.989825     2.98
   94      -77.989828     2.98
   95      -77.989808     3.03
   96      -77.989839     2.95
   97      -77.989771     3.13
   98      -77.989757     3.16
   99      -77.989741     3.21
  100      -77.989736     3.22
  101      -77.989719     3.26
  102      -77.989714     3.28
  103      -77.989728     3.24
  104      -77.989721     3.26
  105      -77.989691     3.34
  106      -77.989666     3.40
  107      -77.989660     3.42
  108      -77.989630     3.50
  109      -77.989571     3.65
  110      -77.989562     3.68
  111      -77.989513     3.80
  112      -77.989504     3.83
  113      -77.989477     3.90
  114      -77.989457     3.95
  115      -77.989455     3.95
  116      -77.989455     3.96
  117      -77.989447     3.98
  118      -77.989440     4.00
  119      -77.989425     4.03
  120      -77.989417     4.06
  121      -77.989411     4.07
  122      -77.989386     4.14
  123      -77.989385     4.14
  124      -77.989433     4.01
  125      -77.989372     4.17
  126      -77.989368     4.18
  127      -77.989362     4.20
  128      -77.989367     4.19
  129      -77.989355     4.22
  130      -77.989352     4.23
  131      -77.989365     4.19
  132      -77.989364     4.19
  133      -77.989347     4.24
  134      -77.989344     4.25
  135      -77.989344     4.25
  136      -77.989340     4.26
  137      -77.989333     4.28
  138      -77.989326     4.29
  139      -77.989314     4.33
  140      -77.989312     4.33
  141      -77.989301     4.36
  142      -77.989295     4.38
  143      -77.989293     4.38
  144      -77.989234     4.54
  145      -77.989227     4.55
  146      -77.989211     4.60
  147      -77.989211     4.60
  148      -77.989210     4.60
  149      -77.989207     4.61
  150      -77.989179     4.68
  151      -77.989170     4.70
  152      -77.989170     4.70
  153      -77.989164     4.72
  154      -77.989154     4.75
  155      -77.989147     4.76
  156      -77.989155     4.74
  157      -77.989138     4.79
  158      -77.989147     4.77
  159      -77.989139     4.79
  160      -77.989133     4.80
  161      -77.989133     4.80
  162      -77.989125     4.82
  163      -77.989111     4.86
  164      -77.989102     4.88
  165      -77.989100     4.89
  166      -77.989098     4.89
  167      -77.989098     4.89
  168      -77.989127     4.82
  169      -77.989124     4.82
  170      -77.989095     4.90
  171      -77.989095     4.90
  172      -77.989087     4.92
  173      -77.989081     4.94
  174      -77.989077     4.95
  175      -77.989076     4.95
  176      -77.989070     4.97
  177      -77.989065     4.98
  178      -77.989056     5.00
  179      -77.989049     5.02
  180      -77.989047     5.03
  181      -77.989042     5.04
  182      -77.989042     5.04
  183      -77.989040     5.05
  184      -77.989037     5.05
  185      -77.989028     5.08
  186      -77.989020     5.10
  187      -77.989018     5.10
  188      -77.989018     5.10
  189      -77.989018     5.10
  190      -77.989017     5.10
  191      -77.989013     5.11
  192      -77.989009     5.13
  193      -77.989006     5.13
  194      -77.988995     5.16
  195      -77.989011     5.12
  196      -77.989038     5.05
  197      -77.988988     5.18
  198      -77.988986     5.19
  199      -77.988985     5.19
  200      -77.988980     5.20
  201      -77.988979     5.21
  202      -77.988977     5.21
  203      -77.988977     5.21
  204      -77.989005     5.14
  205      -77.988966     5.24
  206      -77.988961     5.25
  207      -77.988953     5.27
  208      -77.988955     5.27
  209      -77.988951     5.28
  210      -77.988951     5.28
  211      -77.989001     5.15
  212      -77.988950     5.28
  213      -77.988948     5.29
  214      -77.988948     5.29
  215      -77.988947     5.29
  216      -77.988946     5.29
  217      -77.988944     5.30
  218      -77.988939     5.31
  219      -77.988938     5.31
  220      -77.988937     5.31
  221      -77.988936     5.32
  222      -77.988934     5.32
  223      -77.988933     5.33
  224      -77.988932     5.33
  225      -77.988933     5.33
  226      -77.988931     5.33
  227      -77.988929     5.34
  228      -77.988928     5.34
  229      -77.988925     5.35
  230      -77.988924     5.35
  231      -77.988920     5.36
  232      -77.988913     5.38
  233      -77.988915     5.37
  234      -77.988909     5.39
  235      -77.988908     5.39
  236      -77.988908     5.39
  237      -77.988907     5.39
  238      -77.988906     5.40
  239      -77.988918     5.37
  240      -77.988906     5.40
  241      -77.988905     5.40
  242      -77.988905     5.40
  243      -77.988901     5.41
  244      -77.988900     5.41
  245      -77.988898     5.42
  246      -77.988898     5.42
  247      -77.988896     5.42
  248      -77.988896     5.42
  249      -77.988917     5.37
  250      -77.988885     5.45
  251      -77.988885     5.45
  252      -77.988866     5.50
  253      -77.988865     5.50
  254      -77.988865     5.50
  255      -77.988861     5.52
  256      -77.988860     5.52
  257      -77.988856     5.53
  258      -77.988893     5.43
  259      -77.988854     5.53
  260      -77.988852     5.54
  261      -77.988851     5.54
  262      -77.988891     5.44
  263      -77.988890     5.44
  264      -77.988850     5.54
  265      -77.988844     5.56
  266      -77.988851     5.54
  267      -77.988847     5.55
  268      -77.988841     5.57
  269      -77.988840     5.57
  270      -77.988839     5.57
  271      -77.988836     5.58
  272      -77.988885     5.45
  273      -77.988834     5.59
  274      -77.988833     5.59
  275      -77.988832     5.59
  276      -77.988830     5.60
  277      -77.988829     5.60
  278      -77.988826     5.61
  279      -77.988817     5.63
  280      -77.988815     5.64
  281      -77.988814     5.64
  282      -77.988808     5.65
  283      -77.988806     5.66
  284      -77.988828     5.60
  285      -77.988838     5.58
  286      -77.988803     5.67
  287      -77.988792     5.70
  288      -77.988779     5.73
  289      -77.988775     5.74
  290      -77.988773     5.75
  291      -77.988771     5.75
  292      -77.988778     5.73
  293      -77.988771     5.75
  294      -77.988766     5.76
  295      -77.988773     5.75
  296      -77.988765     5.77
  297      -77.988758     5.78
  298      -77.988752     5.80
  299      -77.988750     5.81
  300      -77.988754     5.80
  301      -77.988748     5.81
  302      -77.988746     5.82
  303      -77.988742     5.83
  304      -77.988735     5.85
  305      -77.988731     5.86
  306      -77.988729     5.86
  307      -77.988720     5.89
  308      -77.988716     5.90
  309      -77.988714     5.90
  310      -77.988714     5.90
  311      -77.988714     5.90
  312      -77.988709     5.91
  313      -77.988713     5.90
  314      -77.988720     5.89
  315      -77.988706     5.92
  316      -77.988698     5.94
  317      -77.988696     5.95
  318      -77.988693     5.96
  319      -77.988692     5.96
  320      -77.988688     5.97
  321      -77.988727     5.87
  322      -77.988686     5.98
  323      -77.988678     5.99
  324      -77.988706     5.92
  325      -77.988675     6.00
  326      -77.988669     6.02
  327      -77.988670     6.02
  328      -77.988665     6.03
  329      -77.988664     6.03
  330      -77.988659     6.04
  331      -77.988658     6.05
  332      -77.988677     6.00
  333      -77.988656     6.05
  334      -77.988656     6.05
  335      -77.988654     6.06
  336      -77.988645     6.08
  337      -77.988703     5.93
  338      -77.988638     6.10
  339      -77.988653     6.06
  340      -77.988638     6.10
  341      -77.988637     6.10
  342      -77.988637     6.10
  343      -77.988636     6.11
  344      -77.988635     6.11
  345      -77.988624     6.14
  346      -77.988622     6.14
  347      -77.988622     6.14
  348      -77.988620     6.15
  349      -77.988618     6.15
  350      -77.988633     6.11
  351      -77.988617     6.16
  352      -77.988615     6.16
  353      -77.988614     6.16
  354      -77.988612     6.17
  355      -77.988611     6.17
  356      -77.988611     6.17
  357      -77.988605     6.19
  358      -77.988604     6.19
  359      -77.988599     6.20
  360      -77.988597     6.21
  361      -77.988595     6.21
  362      -77.988587     6.24
  363      -77.988588     6.23
  364      -77.988587     6.23
  365      -77.988584     6.24
  366      -77.988581     6.25
  367      -77.988580     6.25
  368      -77.988577     6.26
  369      -77.988581     6.25
  370      -77.988564     6.29
  371      -77.988597     6.21
  372      -77.988559     6.31
  373      -77.988573     6.27
  374      -77.988549     6.34
  375      -77.988546     6.34
  376      -77.988545     6.34
  377      -77.988558     6.31
  378      -77.988527     6.39
  379      -77.988525     6.40
  380      -77.988538     6.36
  381      -77.988522     6.40
  382      -77.988521     6.41
  383      -77.988519     6.41
  384      -77.988538     6.36
  385      -77.988518     6.42
  386      -77.988513     6.43
  387      -77.988512     6.43
  388      -77.988510     6.44
  389      -77.988507     6.44
  390      -77.988509     6.44
  391      -77.988503     6.45
  392      -77.988503     6.46
  393      -77.988502     6.46
  394      -77.988501     6.46
  395      -77.988499     6.47
  396      -77.988498     6.47
  397      -77.988481     6.51
  398      -77.988480     6.52
  399      -77.988471     6.54
  400      -77.988469     6.54
  401      -77.988495     6.48
  402      -77.988468     6.55
  403      -77.988464     6.56
  404      -77.988483     6.51
  405      -77.988461     6.56
  406      -77.988461     6.56
  407      -77.988455     6.58
  408      -77.988454     6.58
  409      -77.988458     6.57
  410      -77.988443     6.61
  411      -77.988442     6.62
  412      -77.988440     6.62
  413      -77.988437     6.63
  414      -77.988435     6.63
  415      -77.988427     6.66
  416      -77.988466     6.55
  417      -77.988419     6.67
  418      -77.988415     6.68
  419      -77.988493     6.48
  420      -77.988414     6.69
  421      -77.988437     6.63
  422      -77.988412     6.69
  423      -77.988411     6.70
  424      -77.988411     6.70
  425      -77.988410     6.70
  426      -77.988402     6.72
  427      -77.988409     6.70
  428      -77.988405     6.71
  429      -77.988400     6.73
  430      -77.988403     6.72
  431      -77.988399     6.73
  432      -77.988397     6.73
  433      -77.988393     6.74
  434      -77.988391     6.75
  435      -77.988390     6.75
  436      -77.988389     6.75
  437      -77.988386     6.76
  438      -77.988384     6.77
  439      -77.988383     6.77
  440      -77.988380     6.78
  441      -77.988382     6.77
  442      -77.988372     6.80
  443      -77.988366     6.81
  444      -77.988365     6.82
  445      -77.988364     6.82
  446      -77.988361     6.83
  447      -77.988358     6.84
  448      -77.988356     6.84
  449      -77.988373     6.79
  450      -77.988352     6.85
  451      -77.988351     6.85
  452      -77.988375     6.79
  453      -77.988349     6.86
  454      -77.988345     6.87
  455      -77.988344     6.87
  456      -77.988343     6.87
  457      -77.988343     6.87
  458      -77.988343     6.88
  459      -77.988338     6.89
  460      -77.988343     6.88
  461      -77.988337     6.89
  462      -77.988333     6.90
  463      -77.988333     6.90
  464      -77.988332     6.90
  465      -77.988332     6.90
  466      -77.988331     6.91
  467      -77.988340     6.88
  468      -77.988346     6.87
  469      -77.988339     6.89
  470      -77.988330     6.91
  471      -77.988329     6.91
  472      -77.988326     6.92
  473      -77.988324     6.92
  474      -77.988323     6.93
  475      -77.988323     6.93
  476      -77.988368     6.81
  477      -77.988327     6.92
  478      -77.988320     6.94
  479      -77.988317     6.94
  480      -77.988315     6.95
  481      -77.988336     6.89
  482      -77.988352     6.85
  483      -77.988314     6.95
  484      -77.988311     6.96
  485      -77.988336     6.89
  486      -77.988314     6.95
  487      -77.988309     6.96
  488      -77.988309     6.96
  489      -77.988308     6.97
  490      -77.988308     6.97
  491      -77.988303     6.98
  492      -77.988334     6.90
  493      -77.988298     6.99
  494      -77.988296     7.00
  495      -77.988295     7.00
  496      -77.988302     6.98
  497      -77.988295     7.00
  498      -77.988292     7.01
  499      -77.988289     7.02
  500      -77.988291     7.01
  501      -77.988287     7.02
  502      -77.988287     7.02
  503      -77.988281     7.04
  504      -77.988282     7.04
  505      -77.988278     7.05
  506      -77.988278     7.05
  507      -77.988277     7.05
  508      -77.988275     7.05
  509      -77.988274     7.06
  510      -77.988272     7.06
  511      -77.988268     7.07
  512      -77.988260     7.09
  513      -77.988256     7.10
  514      -77.988261     7.09
  515      -77.988255     7.11
  516      -77.988255     7.11
  517      -77.988251     7.12
  518      -77.988250     7.12
  519      -77.988243     7.14
  520      -77.988238     7.15
  521      -77.988236     7.16
  522      -77.988236     7.16
  523      -77.988241     7.14
  524      -77.988236     7.16
  525      -77.988266     7.08
  526      -77.988234     7.16
  527      -77.988230     7.17
  528      -77.988228     7.18
  529      -77.988227     7.18
  530      -77.988250     7.12
  531      -77.988223     7.19
  532      -77.988218     7.20
  533      -77.988207     7.23
  534      -77.988203     7.24
  535      -77.988244     7.14
  536      -77.988198     7.26
  537      -77.988193     7.27
  538      -77.988192     7.27
  539      -77.988200     7.25
  540      -77.988190     7.28
  541      -77.988189     7.28
  542      -77.988188     7.28
  543      -77.988188     7.28
  544      -77.988186     7.29
  545      -77.988180     7.30
  546      -77.988176     7.31
  547      -77.988175     7.32
  548      -77.988175     7.32
  549      -77.988173     7.32
  550      -77.988171     7.33
  551      -77.988180     7.30
  552      -77.988186     7.29
  553      -77.988169     7.33
  554      -77.988168     7.33
  555      -77.988168     7.34
  556      -77.988169     7.33
  557      -77.988167     7.34
  558      -77.988166     7.34
  559      -77.988165     7.34
  560      -77.988165     7.34
  561      -77.988164     7.35
  562      -77.988161     7.35
  563      -77.988160     7.35
  564      -77.988160     7.36
  565      -77.988159     7.36
  566      -77.988168     7.33
  567      -77.988157     7.36
  568      -77.988156     7.37
  569      -77.988155     7.37
  570      -77.988147     7.39
  571      -77.988146     7.39
  572      -77.988145     7.39
  573      -77.988143     7.40
  574      -77.988142     7.40
  575      -77.988139     7.41
  576      -77.988137     7.41
  577      -77.988137     7.42
  578      -77.988126     7.44
  579      -77.988134     7.42
  580      -77.988126     7.44
  581      -77.988125     7.45
  582      -77.988121     7.46
  583      -77.988120     7.46
  584      -77.988118     7.47
  585      -77.988118     7.47
  586      -77.988117     7.47
  587      -77.988117     7.47
  588      -77.988124     7.45
  589      -77.988116     7.47
  590      -77.988115     7.47
  591      -77.988114     7.48
  592      -77.988112     7.48
  593      -77.988123     7.45
  594      -77.988108     7.49
  595      -77.988108     7.49
  596      -77.988105     7.50
  597      -77.988104     7.50
  598      -77.988103     7.50
  599      -77.988099     7.52
  600      -77.988098     7.52
  601      -77.988094     7.53
  602      -77.988093     7.53
  603      -77.988092     7.53
  604      -77.988096     7.52
  605      -77.988092     7.53
  606      -77.988084     7.55
  607      -77.988084     7.55
  608      -77.988083     7.56
  609      -77.988082     7.56
  610      -77.988078     7.57
  611      -77.988070     7.59
  612      -77.988082     7.56
  613      -77.988070     7.59
  614      -77.988068     7.60
  615      -77.988067     7.60
  616      -77.988060     7.62
  617      -77.988059     7.62
  618      -77.988059     7.62
  619      -77.988059     7.62
  620      -77.988057     7.62
  621      -77.988047     7.65
  622      -77.988046     7.65
  623      -77.988043     7.66
  624      -77.988081     7.56
  625      -77.988039     7.67
  626      -77.988045     7.66
  627      -77.988038     7.68
  628      -77.988034     7.69
  629      -77.988033     7.69
  630      -77.988026     7.71
  631      -77.988024     7.71
  632      -77.988022     7.72
  633      -77.988021     7.72
  634      -77.988020     7.72
  635      -77.988019     7.73
  636      -77.988019     7.73
  637      -77.988017     7.73
  638      -77.988043     7.66
  639      -77.988016     7.73
  640      -77.988029     7.70
  641      -77.988014     7.74
  642      -77.988014     7.74
  643      -77.988014     7.74
  644      -77.988013     7.74
  645      -77.988012     7.74
  646      -77.988018     7.73
  647      -77.988009     7.75
  648      -77.988008     7.75
  649      -77.988003     7.77
  650      -77.988008     7.75
  651      -77.988024     7.71
  652      -77.988000     7.77
  653      -77.987998     7.78
  654      -77.987995     7.79
  655      -77.988014     7.74
  656      -77.988011     7.75
  657      -77.987995     7.79
  658      -77.987994     7.79
  659      -77.987992     7.80
  660      -77.987991     7.80
  661      -77.987989     7.80
  662      -77.987992     7.80
  663      -77.987988     7.81
  664      -77.987988     7.81
  665      -77.987983     7.82
  666      -77.987975     7.84
  667      -77.987980     7.83
  668      -77.987972     7.85
  669      -77.987971     7.85
  670      -77.987970     7.86
  671      -77.987968     7.86
  672      -77.987963     7.87
  673      -77.987963     7.87
  674      -77.987959     7.88
  675      -77.987959     7.88
  676      -77.987953     7.90
  677      -77.987952     7.90
  678      -77.987951     7.90
  679      -77.987949     7.91
  680      -77.987948     7.91
  681      -77.987947     7.92
  682      -77.987946     7.92
  683      -77.987945     7.92
  684      -77.987944     7.92
  685      -77.987947     7.92
  686      -77.987951     7.90
  687      -77.987942     7.93
  688      -77.987940     7.93
  689      -77.987940     7.93
  690      -77.987938     7.94
  691      -77.987937     7.94
  692      -77.987936     7.94
  693      -77.987935     7.95
  694      -77.987934     7.95
  695      -77.987932     7.95
  696      -77.987958     7.89
  697      -77.987929     7.96
  698      -77.987928     7.97
  699      -77.987928     7.97
  700      -77.987923     7.98
  701      -77.987918     7.99
  702      -77.987917     7.99
  703      -77.987923     7.98
  704      -77.987917     7.99
  705      -77.987917     7.99
  706      -77.987912     8.01
  707      -77.987910     8.01
  708      -77.987907     8.02
  709      -77.987902     8.03
  710      -77.987902     8.03
  711      -77.987901     8.04
  712      -77.987899     8.04
  713      -77.987897     8.05
  714      -77.987896     8.05
  715      -77.987935     7.95
  716      -77.987895     8.05
  717      -77.987894     8.05
  718      -77.987894     8.05
  719      -77.987893     8.06
  720      -77.987891     8.06
  721      -77.987912     8.01
  722      -77.987890     8.06
  723      -77.987884     8.08
  724      -77.987882     8.08
  725      -77.987881     8.09
  726      -77.987878     8.09
  727      -77.987882     8.08
  728      -77.987877     8.10
  729      -77.987874     8.11
  730      -77.987882     8.08
  731      -77.987873     8.11
  732      -77.987872     8.11
  733      -77.987877     8.10
  734      -77.987871     8.11
  735      -77.987871     8.12
  736      -77.987891     8.06
  737      -77.987869     8.12
  738      -77.987871     8.11
  739      -77.987871     8.11
  740      -77.987893     8.06
  741      -77.987864     8.13
  742      -77.987862     8.14
  743      -77.987862     8.14
  744      -77.987867     8.13
  745      -77.987861     8.14
  746      -77.987860     8.14
  747      -77.987859     8.15
  748      -77.987856     8.15
  749      -77.987854     8.16
  750      -77.987854     8.16
  751      -77.987853     8.16
  752      -77.987853     8.16
  753      -77.987851     8.17
  754      -77.987849     8.17
  755      -77.987853     8.16
  756      -77.987849     8.17
  757      -77.987842     8.19
  758      -77.987842     8.19
  759      -77.987841     8.19
  760      -77.987841     8.19
  761      -77.987840     8.20
  762      -77.987835     8.21
  763      -77.987840     8.20
  764      -77.987832     8.22
  765      -77.987833     8.21
  766      -77.987847     8.18
  767      -77.987832     8.22
  768      -77.987828     8.23
  769      -77.987826     8.23
  770      -77.987850     8.17
  771      -77.987824     8.24
  772      -77.987895     8.05
  773      -77.987823     8.24
  774      -77.987822     8.24
  775      -77.987848     8.17
  776      -77.987820     8.25
  777      -77.987823     8.24
  778      -77.987818     8.25
  779      -77.987822     8.24
  780      -77.987818     8.25
  781      -77.987817     8.26
  782      -77.987816     8.26
  783      -77.987816     8.26
  784      -77.987815     8.26
  785      -77.987815     8.26
  786      -77.987813     8.27
  787      -77.987809     8.28
  788      -77.987808     8.28
  789      -77.987807     8.28
  790      -77.987803     8.29
  791      -77.987802     8.29
  792      -77.987802     8.30
  793      -77.987799     8.30
  794      -77.987798     8.31
  795      -77.987797     8.31
  796      -77.987796     8.31
  797      -77.987795     8.31
  798      -77.987793     8.32
  799      -77.987812     8.27
  800      -77.987792     8.32
  801      -77.987791     8.32
  802      -77.987790     8.33
  803      -77.987791     8.32
  804      -77.987786     8.34
  805      -77.987782     8.35
  806      -77.987780     8.35
  807      -77.987790     8.33
  808      -77.987780     8.35
  809      -77.987781     8.35
  810      -77.987777     8.36
  811      -77.987781     8.35
  812      -77.987776     8.36
  813      -77.987837     8.20
  814      -77.987809     8.28
  815      -77.987775     8.37
  816      -77.987774     8.37
  817      -77.987768     8.38
  818      -77.987768     8.39
  819      -77.987780     8.35
  820      -77.987763     8.40
  821      -77.987761     8.40
  822      -77.987759     8.41
  823      -77.987754     8.42
  824      -77.987754     8.42
  825      -77.987784     8.34
  826      -77.987749     8.43
  827      -77.987751     8.43
  828      -77.987744     8.45
  829      -77.987756     8.42
  830      -77.987784     8.34
  831      -77.987750     8.43
  832      -77.987741     8.46
  833      -77.987740     8.46
  834      -77.987737     8.47
  835      -77.987735     8.47
  836      -77.987731     8.48
  837      -77.987730     8.48
  838      -77.987724     8.50
  839      -77.987724     8.50
  840      -77.987721     8.51
  841      -77.987720     8.51
  842      -77.987719     8.51
  843      -77.987717     8.52
  844      -77.987711     8.54
  845      -77.987710     8.54
  846      -77.987710     8.54
  847      -77.987709     8.54
  848      -77.987709     8.54
  849      -77.987706     8.55
  850      -77.987704     8.55
  851      -77.987707     8.54
  852      -77.987703     8.55
  853      -77.987700     8.56
  854      -77.987700     8.56
  855      -77.987702     8.56
  856      -77.987697     8.57
  857      -77.987733     8.48
  858      -77.987697     8.57
  859      -77.987701     8.56
  860      -77.987696     8.57
  861      -77.987695     8.57
  862      -77.987695     8.58
  863      -77.987693     8.58
  864      -77.987693     8.58
  865      -77.987692     8.58
  866      -77.987692     8.58
  867      -77.987690     8.59
  868      -77.987689     8.59
  869      -77.987687     8.60
  870      -77.987686     8.60
  871      -77.987685     8.60
  872      -77.987684     8.61
  873      -77.987684     8.61
  874      -77.987683     8.61
  875      -77.987683     8.61
  876      -77.987678     8.62
  877      -77.987676     8.63
  878      -77.987675     8.63
  879      -77.987671     8.64
  880      -77.987669     8.65
  881      -77.987735     8.47
  882      -77.987674     8.63
  883      -77.987665     8.65
  884      -77.987653     8.69
  885      -77.987650     8.69
  886      -77.987650     8.69
  887      -77.987648     8.70
  888      -77.987657     8.68
  889      -77.987646     8.70
  890      -77.987645     8.71
  891      -77.987639     8.72
  892      -77.987639     8.72
  893      -77.987636     8.73
  894      -77.987673     8.63
  895      -77.987633     8.74
  896      -77.987632     8.74
  897      -77.987628     8.75
  898      -77.987638     8.73
  899      -77.987668     8.65
  900      -77.987621     8.77
  901      -77.987621     8.77
  902      -77.987620     8.77
  903      -77.987619     8.78
  904      -77.987618     8.78
  905      -77.987616     8.78
  906      -77.987615     8.79
  907      -77.987619     8.78
  908      -77.987615     8.79
  909      -77.987614     8.79
  910      -77.987605     8.81
  911      -77.987604     8.82
  912      -77.987601     8.82
  913      -77.987600     8.83
  914      -77.987606     8.81
  915      -77.987596     8.84
  916      -77.987594     8.84
  917      -77.987629     8.75
  918      -77.987594     8.84
  919      -77.987605     8.81
  920      -77.987592     8.85
  921      -77.987591     8.85
  922      -77.987589     8.85
  923      -77.987589     8.85
  924      -77.987588     8.86
  925      -77.987587     8.86
  926      -77.987612     8.79
  927      -77.987587     8.86
  928      -77.987584     8.87
  929      -77.987582     8.87
  930      -77.987610     8.80
  931      -77.987581     8.88
  932      -77.987590     8.85
  933      -77.987581     8.88
  934      -77.987579     8.88
  935      -77.987576     8.89
  936      -77.987579     8.88
  937      -77.987575     8.89
  938      -77.987584     8.87
  939      -77.987568     8.91
  940      -77.987576     8.89
  941      -77.987568     8.91
  942      -77.987580     8.88
  943      -77.987566     8.91
  944      -77.987578     8.88
  945      -77.987565     8.92
  946      -77.987577     8.89
  947      -77.987564     8.92
  948      -77.987563     8.92
  949      -77.987563     8.92
  950      -77.987563     8.92
  951      -77.987562     8.92
  952      -77.987562     8.93
  953      -77.987561     8.93
  954      -77.987560     8.93
  955      -77.987555     8.94
  956      -77.987553     8.95
  957      -77.987588     8.86
  958      -77.987553     8.95
  959      -77.987548     8.96
  960      -77.987566     8.91
  961      -77.987544     8.97
  962      -77.987539     8.98
  963      -77.987537     8.99
  964      -77.987582     8.87
  965      -77.987534     9.00
  966      -77.987533     9.00
  967      -77.987534     9.00
  968      -77.987531     9.01
  969      -77.987537     8.99
  970      -77.987529     9.01
  971      -77.987531     9.01
  972      -77.987526     9.02
  973      -77.987525     9.02
  974      -77.987523     9.03
  975      -77.987534     9.00
  976      -77.987522     9.03
  977      -77.987520     9.04
  978      -77.987520     9.04
  979      -77.987518     9.04
  980      -77.987514     9.05
  981      -77.987509     9.06
  982      -77.987509     9.06
  983      -77.987506     9.07
  984      -77.987503     9.08
  985      -77.987497     9.10
  986      -77.987489     9.12
  987      -77.987493     9.11
  988      -77.987487     9.12
  989      -77.987485     9.13
  990      -77.987489     9.12
  991      -77.987484     9.13
  992      -77.987484     9.13
  993      -77.987478     9.15
  994      -77.987472     9.16
  995      -77.987472     9.16
  996      -77.987472     9.16
  997      -77.987538     8.99
  998      -77.987467     9.17
  999      -77.987484     9.13
 1000      -77.987467     9.18
