 conf.       E_tot       E_rel
---------------------------------
 1001      -77.987464     0.00
 1002      -77.987462     0.00
 1003      -77.987459     0.01
 1004      -77.987451     0.03
 1005      -77.987505    -0.11
 1006      -77.987450     0.04
 1007      -77.987446     0.05
 1008      -77.987448     0.04
 1009      -77.987442     0.06
 1010      -77.987441     0.06
 1011      -77.987431     0.09
 1012      -77.987474    -0.03
 1013      -77.987430     0.09
 1014      -77.987418     0.12
 1015      -77.987417     0.12
 1016      -77.987416     0.12
 1017      -77.987409     0.14
 1018      -77.987407     0.15
 1019      -77.987406     0.15
 1020      -77.987406     0.15
 1021      -77.987404     0.16
 1022      -77.987403     0.16
 1023      -77.987398     0.17
 1024      -77.987406     0.15
 1025      -77.987394     0.18
 1026      -77.987428     0.09
 1027      -77.987393     0.19
 1028      -77.987392     0.19
 1029      -77.987390     0.19
 1030      -77.987388     0.20
 1031      -77.987385     0.21
 1032      -77.987381     0.22
 1033      -77.987427     0.10
 1034      -77.987379     0.22
 1035      -77.987380     0.22
 1036      -77.987377     0.23
 1037      -77.987376     0.23
 1038      -77.987375     0.23
 1039      -77.987372     0.24
 1040      -77.987370     0.25
 1041      -77.987396     0.18
 1042      -77.987371     0.24
 1043      -77.987368     0.25
 1044      -77.987375     0.23
 1045      -77.987367     0.25
 1046      -77.987366     0.26
 1047      -77.987360     0.27
 1048      -77.987368     0.25
 1049      -77.987378     0.22
 1050      -77.987368     0.25
 1051      -77.987359     0.27
 1052      -77.987359     0.27
 1053      -77.987358     0.28
 1054      -77.987357     0.28
 1055      -77.987382     0.21
 1056      -77.987351     0.30
 1057      -77.987351     0.30
 1058      -77.987362     0.27
 1059      -77.987359     0.28
 1060      -77.987350     0.30
 1061      -77.987345     0.31
 1062      -77.987342     0.32
 1063      -77.987348     0.30
 1064      -77.987343     0.32
 1065      -77.987342     0.32
 1066      -77.987338     0.33
 1067      -77.987335     0.34
 1068      -77.987333     0.34
 1069      -77.987350     0.30
 1070      -77.987333     0.34
 1071      -77.987332     0.35
 1072      -77.987328     0.36
 1073      -77.987327     0.36
 1074      -77.987326     0.36
 1075      -77.987333     0.34
 1076      -77.987325     0.36
 1077      -77.987324     0.37
 1078      -77.987322     0.37
 1079      -77.987320     0.38
 1080      -77.987323     0.37
 1081      -77.987318     0.38
 1082      -77.987327     0.36
 1083      -77.987340     0.33
 1084      -77.987314     0.39
 1085      -77.987314     0.39
 1086      -77.987317     0.39
 1087      -77.987325     0.36
 1088      -77.987336     0.34
 1089      -77.987313     0.40
 1090      -77.987310     0.40
 1091      -77.987305     0.42
 1092      -77.987305     0.42
 1093      -77.987301     0.43
 1094      -77.987297     0.44
 1095      -77.987307     0.41
 1096      -77.987304     0.42
 1097      -77.987291     0.45
 1098      -77.987293     0.45
 1099      -77.987291     0.45
 1100      -77.987291     0.45
 1101      -77.987298     0.43
 1102      -77.987290     0.46
 1103      -77.987286     0.47
 1104      -77.987286     0.47
 1105      -77.987286     0.47
 1106      -77.987285     0.47
 1107      -77.987285     0.47
 1108      -77.987345     0.31
 1109      -77.987282     0.48
 1110      -77.987281     0.48
 1111      -77.987280     0.48
 1112      -77.987279     0.48
 1113      -77.987327     0.36
 1114      -77.987307     0.41
 1115      -77.987278     0.49
 1116      -77.987276     0.49
 1117      -77.987275     0.50
 1118      -77.987274     0.50
 1119      -77.987268     0.51
 1120      -77.987266     0.52
 1121      -77.987278     0.49
 1122      -77.987265     0.52
 1123      -77.987287     0.46
 1124      -77.987306     0.41
 1125      -77.987266     0.52
 1126      -77.987260     0.53
 1127      -77.987313     0.40
 1128      -77.987257     0.54
 1129      -77.987286     0.47
 1130      -77.987301     0.43
 1131      -77.987257     0.54
 1132      -77.987252     0.55
 1133      -77.987252     0.56
 1134      -77.987247     0.57
 1135      -77.987246     0.57
 1136      -77.987245     0.57
 1137      -77.987245     0.57
 1138      -77.987264     0.52
 1139      -77.987244     0.58
 1140      -77.987244     0.58
 1141      -77.987242     0.58
 1142      -77.987255     0.55
 1143      -77.987242     0.58
 1144      -77.987240     0.59
 1145      -77.987237     0.59
 1146      -77.987254     0.55
 1147      -77.987239     0.59
 1148      -77.987236     0.60
 1149      -77.987234     0.60
 1150      -77.987234     0.60
 1151      -77.987232     0.61
 1152      -77.987230     0.61
 1153      -77.987228     0.62
 1154      -77.987227     0.62
 1155      -77.987224     0.63
 1156      -77.987223     0.63
 1157      -77.987220     0.64
 1158      -77.987264     0.52
 1159      -77.987276     0.49
 1160      -77.987217     0.65
 1161      -77.987217     0.65
 1162      -77.987214     0.66
 1163      -77.987213     0.66
 1164      -77.987211     0.66
 1165      -77.987211     0.66
 1166      -77.987210     0.66
 1167      -77.987210     0.67
 1168      -77.987210     0.67
 1169      -77.987243     0.58
 1170      -77.987208     0.67
 1171      -77.987205     0.68
 1172      -77.987204     0.68
 1173      -77.987203     0.68
 1174      -77.987201     0.69
 1175      -77.987201     0.69
 1176      -77.987198     0.70
 1177      -77.987198     0.70
 1178      -77.987198     0.70
 1179      -77.987197     0.70
 1180      -77.987197     0.70
 1181      -77.987196     0.70
 1182      -77.987224     0.63
 1183      -77.987195     0.70
 1184      -77.987197     0.70
 1185      -77.987194     0.71
 1186      -77.987222     0.63
 1187      -77.987194     0.71
 1188      -77.987229     0.62
 1189      -77.987199     0.70
 1190      -77.987191     0.71
 1191      -77.987208     0.67
 1192      -77.987190     0.72
 1193      -77.987189     0.72
 1194      -77.987189     0.72
 1195      -77.987189     0.72
 1196      -77.987188     0.72
 1197      -77.987188     0.72
 1198      -77.987188     0.72
 1199      -77.987187     0.73
 1200      -77.987187     0.73
 1201      -77.987246     0.57
 1202      -77.987185     0.73
 1203      -77.987183     0.74
 1204      -77.987182     0.74
 1205      -77.987191     0.72
 1206      -77.987180     0.74
 1207      -77.987179     0.75
 1208      -77.987183     0.74
 1209      -77.987177     0.75
 1210      -77.987176     0.75
 1211      -77.987176     0.76
 1212      -77.987176     0.76
 1213      -77.987175     0.76
 1214      -77.987172     0.77
 1215      -77.987170     0.77
 1216      -77.987168     0.77
 1217      -77.987167     0.78
 1218      -77.987167     0.78
 1219      -77.987165     0.78
 1220      -77.987165     0.78
 1221      -77.987160     0.80
 1222      -77.987158     0.80
 1223      -77.987156     0.81
 1224      -77.987155     0.81
 1225      -77.987150     0.82
 1226      -77.987149     0.83
 1227      -77.987148     0.83
 1228      -77.987147     0.83
 1229      -77.987170     0.77
 1230      -77.987147     0.83
 1231      -77.987145     0.84
 1232      -77.987141     0.85
 1233      -77.987147     0.83
 1234      -77.987139     0.85
 1235      -77.987138     0.85
 1236      -77.987132     0.87
 1237      -77.987131     0.87
 1238      -77.987130     0.87
 1239      -77.987130     0.88
 1240      -77.987128     0.88
 1241      -77.987127     0.88
 1242      -77.987127     0.88
 1243      -77.987125     0.89
 1244      -77.987125     0.89
 1245      -77.987124     0.89
 1246      -77.987124     0.89
 1247      -77.987122     0.90
 1248      -77.987117     0.91
 1249      -77.987127     0.88
 1250      -77.987142     0.84
 1251      -77.987117     0.91
 1252      -77.987117     0.91
 1253      -77.987116     0.91
 1254      -77.987115     0.91
 1255      -77.987115     0.92
 1256      -77.987122     0.90
 1257      -77.987111     0.93
 1258      -77.987109     0.93
 1259      -77.987108     0.93
 1260      -77.987107     0.94
 1261      -77.987104     0.94
 1262      -77.987104     0.94
 1263      -77.987103     0.95
 1264      -77.987099     0.96
 1265      -77.987096     0.96
 1266      -77.987096     0.97
 1267      -77.987095     0.97
 1268      -77.987093     0.97
 1269      -77.987092     0.98
 1270      -77.987088     0.99
 1271      -77.987087     0.99
 1272      -77.987097     0.96
 1273      -77.987086     0.99
 1274      -77.987083     1.00
 1275      -77.987082     1.00
 1276      -77.987082     1.00
 1277      -77.987081     1.01
 1278      -77.987075     1.02
 1279      -77.987074     1.02
 1280      -77.987074     1.02
 1281      -77.987074     1.02
 1282      -77.987073     1.03
 1283      -77.987069     1.04
 1284      -77.987069     1.04
 1285      -77.987068     1.04
 1286      -77.987067     1.04
 1287      -77.987066     1.04
 1288      -77.987068     1.04
 1289      -77.987063     1.05
 1290      -77.987062     1.06
 1291      -77.987059     1.06
 1292      -77.987059     1.06
 1293      -77.987066     1.04
 1294      -77.987057     1.07
 1295      -77.987055     1.07
 1296      -77.987053     1.08
 1297      -77.987050     1.09
 1298      -77.987048     1.09
 1299      -77.987048     1.09
 1300      -77.987047     1.09
 1301      -77.987045     1.10
 1302      -77.987045     1.10
 1303      -77.987044     1.10
 1304      -77.987041     1.11
 1305      -77.987041     1.11
 1306      -77.987035     1.12
 1307      -77.987034     1.13
 1308      -77.987028     1.14
 1309      -77.987031     1.14
 1310      -77.987027     1.15
 1311      -77.987027     1.15
 1312      -77.987026     1.15
 1313      -77.987024     1.16
 1314      -77.987021     1.16
 1315      -77.987044     1.10
 1316      -77.987060     1.06
 1317      -77.987019     1.17
 1318      -77.987029     1.14
 1319      -77.987019     1.17
 1320      -77.987018     1.17
 1321      -77.987018     1.17
 1322      -77.987016     1.17
 1323      -77.987057     1.07
 1324      -77.987015     1.18
 1325      -77.987014     1.18
 1326      -77.987013     1.18
 1327      -77.987010     1.19
 1328      -77.987089     0.98
 1329      -77.987016     1.18
 1330      -77.987007     1.20
 1331      -77.987004     1.21
 1332      -77.987002     1.21
 1333      -77.987002     1.21
 1334      -77.987029     1.14
 1335      -77.987002     1.21
 1336      -77.986997     1.23
 1337      -77.986996     1.23
 1338      -77.986996     1.23
 1339      -77.986995     1.23
 1340      -77.986990     1.24
 1341      -77.987004     1.21
 1342      -77.986990     1.24
 1343      -77.986989     1.25
 1344      -77.986987     1.25
 1345      -77.986986     1.25
 1346      -77.987016     1.17
 1347      -77.986986     1.25
 1348      -77.986984     1.26
 1349      -77.986983     1.26
 1350      -77.986980     1.27
 1351      -77.986975     1.28
 1352      -77.987036     1.12
 1353      -77.986982     1.26
 1354      -77.986971     1.29
 1355      -77.986956     1.33
 1356      -77.986944     1.36
 1357      -77.986943     1.37
 1358      -77.986942     1.37
 1359      -77.986942     1.37
 1360      -77.986940     1.38
 1361      -77.986970     1.30
 1362      -77.986940     1.38
 1363      -77.986924     1.42
 1364      -77.986934     1.39
 1365      -77.986925     1.42
 1366      -77.986920     1.43
 1367      -77.986916     1.44
 1368      -77.986915     1.44
 1369      -77.986994     1.23
 1370      -77.986932     1.40
 1371      -77.986911     1.45
 1372      -77.986911     1.45
 1373      -77.986928     1.41
 1374      -77.986909     1.46
 1375      -77.986909     1.46
 1376      -77.986968     1.30
 1377      -77.986908     1.46
 1378      -77.986908     1.46
 1379      -77.986907     1.46
 1380      -77.986906     1.46
 1381      -77.986906     1.46
 1382      -77.986902     1.47
 1383      -77.986902     1.47
 1384      -77.986967     1.30
 1385      -77.986899     1.48
 1386      -77.986899     1.48
 1387      -77.986895     1.49
 1388      -77.986894     1.50
 1389      -77.986892     1.50
 1390      -77.986890     1.51
 1391      -77.986888     1.51
 1392      -77.986888     1.51
 1393      -77.986887     1.51
 1394      -77.986901     1.48
 1395      -77.986886     1.52
 1396      -77.986885     1.52
 1397      -77.986880     1.53
 1398      -77.986880     1.53
 1399      -77.986879     1.53
 1400      -77.986878     1.54
 1401      -77.986876     1.54
 1402      -77.986875     1.54
 1403      -77.986873     1.55
 1404      -77.986872     1.55
 1405      -77.986871     1.56
 1406      -77.986866     1.57
 1407      -77.986862     1.58
 1408      -77.986850     1.61
 1409      -77.986861     1.58
 1410      -77.986845     1.62
 1411      -77.986844     1.63
 1412      -77.986844     1.63
 1413      -77.986844     1.63
 1414      -77.986843     1.63
 1415      -77.986843     1.63
 1416      -77.986841     1.64
 1417      -77.986840     1.64
 1418      -77.986870     1.56
 1419      -77.986837     1.64
 1420      -77.986837     1.65
 1421      -77.986856     1.59
 1422      -77.986829     1.67
 1423      -77.986824     1.68
 1424      -77.986820     1.69
 1425      -77.986817     1.70
 1426      -77.986812     1.71
 1427      -77.986805     1.73
 1428      -77.986804     1.73
 1429      -77.986802     1.74
 1430      -77.986844     1.63
 1431      -77.986800     1.74
 1432      -77.986797     1.75
 1433      -77.986797     1.75
 1434      -77.986795     1.75
 1435      -77.986795     1.75
 1436      -77.986795     1.76
 1437      -77.986785     1.78
 1438      -77.986785     1.78
 1439      -77.986783     1.79
 1440      -77.986783     1.79
 1441      -77.986782     1.79
 1442      -77.986778     1.80
 1443      -77.986776     1.80
 1444      -77.986775     1.81
 1445      -77.986771     1.82
 1446      -77.986770     1.82
 1447      -77.986769     1.82
 1448      -77.986768     1.83
 1449      -77.986774     1.81
 1450      -77.986779     1.80
 1451      -77.986768     1.83
 1452      -77.986765     1.83
 1453      -77.986763     1.84
 1454      -77.986758     1.85
 1455      -77.986758     1.85
 1456      -77.986756     1.86
 1457      -77.986751     1.87
 1458      -77.986750     1.87
 1459      -77.986743     1.89
 1460      -77.986751     1.87
 1461      -77.986743     1.89
 1462      -77.986739     1.90
 1463      -77.986732     1.92
 1464      -77.986730     1.93
 1465      -77.986725     1.94
 1466      -77.986757     1.86
 1467      -77.986718     1.96
 1468      -77.986715     1.97
 1469      -77.986712     1.97
 1470      -77.986710     1.98
 1471      -77.986710     1.98
 1472      -77.986710     1.98
 1473      -77.986733     1.92
 1474      -77.986707     1.99
 1475      -77.986705     1.99
 1476      -77.986704     1.99
 1477      -77.986727     1.94
 1478      -77.986698     2.01
 1479      -77.986695     2.02
 1480      -77.986692     2.03
 1481      -77.986690     2.03
 1482      -77.986689     2.03
 1483      -77.986725     1.94
 1484      -77.986687     2.04
 1485      -77.986685     2.04
 1486      -77.986683     2.05
 1487      -77.986682     2.05
 1488      -77.986679     2.06
 1489      -77.986673     2.08
 1490      -77.986672     2.08
 1491      -77.986671     2.08
 1492      -77.986670     2.08
 1493      -77.986669     2.09
 1494      -77.986668     2.09
 1495      -77.986668     2.09
 1496      -77.986666     2.09
 1497      -77.986666     2.09
 1498      -77.986665     2.10
 1499      -77.986664     2.10
 1500      -77.986664     2.10
 1501      -77.986672     2.08
 1502      -77.986661     2.11
 1503      -77.986660     2.11
 1504      -77.986659     2.11
 1505      -77.986657     2.12
 1506      -77.986656     2.12
 1507      -77.986656     2.12
 1508      -77.986656     2.12
 1509      -77.986656     2.12
 1510      -77.986650     2.14
 1511      -77.986697     2.01
 1512      -77.986647     2.14
 1513      -77.986646     2.15
 1514      -77.986646     2.15
 1515      -77.986644     2.15
 1516      -77.986641     2.16
 1517      -77.986640     2.16
 1518      -77.986639     2.16
 1519      -77.986634     2.18
 1520      -77.986631     2.19
 1521      -77.986631     2.19
 1522      -77.986625     2.20
 1523      -77.986622     2.21
 1524      -77.986621     2.21
 1525      -77.986621     2.21
 1526      -77.986620     2.22
 1527      -77.986613     2.23
 1528      -77.986613     2.23
 1529      -77.986610     2.24
 1530      -77.986610     2.24
 1531      -77.986609     2.24
 1532      -77.986601     2.26
 1533      -77.986601     2.26
 1534      -77.986600     2.27
 1535      -77.986596     2.28
 1536      -77.986603     2.26
 1537      -77.986595     2.28
 1538      -77.986595     2.28
 1539      -77.986587     2.30
 1540      -77.986580     2.32
 1541      -77.986580     2.32
 1542      -77.986578     2.32
 1543      -77.986575     2.33
 1544      -77.986581     2.32
 1545      -77.986651     2.13
 1546      -77.986570     2.35
 1547      -77.986567     2.35
 1548      -77.986566     2.36
 1549      -77.986610     2.24
 1550      -77.986565     2.36
 1551      -77.986563     2.36
 1552      -77.986564     2.36
 1553      -77.986558     2.38
 1554      -77.986556     2.38
 1555      -77.986548     2.40
 1556      -77.986547     2.41
 1557      -77.986596     2.28
 1558      -77.986545     2.41
 1559      -77.986544     2.41
 1560      -77.986542     2.42
 1561      -77.986542     2.42
 1562      -77.986541     2.42
 1563      -77.986540     2.42
 1564      -77.986539     2.43
 1565      -77.986564     2.36
 1566      -77.986537     2.43
 1567      -77.986539     2.43
 1568      -77.986530     2.45
 1569      -77.986525     2.46
 1570      -77.986525     2.46
 1571      -77.986522     2.47
 1572      -77.986518     2.48
 1573      -77.986516     2.49
 1574      -77.986516     2.49
 1575      -77.986516     2.49
 1576      -77.986512     2.50
 1577      -77.986510     2.50
 1578      -77.986507     2.51
 1579      -77.986579     2.32
 1580      -77.986527     2.46
 1581      -77.986507     2.51
 1582      -77.986504     2.52
 1583      -77.986504     2.52
 1584      -77.986503     2.52
 1585      -77.986560     2.37
 1586      -77.986500     2.53
 1587      -77.986497     2.54
 1588      -77.986494     2.54
 1589      -77.986494     2.55
 1590      -77.986491     2.55
 1591      -77.986559     2.38
 1592      -77.986491     2.55
 1593      -77.986491     2.55
 1594      -77.986488     2.56
 1595      -77.986487     2.56
 1596      -77.986487     2.57
 1597      -77.986486     2.57
 1598      -77.986482     2.58
 1599      -77.986481     2.58
 1600      -77.986479     2.59
 1601      -77.986477     2.59
 1602      -77.986474     2.60
 1603      -77.986467     2.62
 1604      -77.986467     2.62
 1605      -77.986474     2.60
 1606      -77.986526     2.46
 1607      -77.986465     2.62
 1608      -77.986458     2.64
 1609      -77.986456     2.65
 1610      -77.986456     2.65
 1611      -77.986455     2.65
 1612      -77.986451     2.66
 1613      -77.986450     2.66
 1614      -77.986445     2.67
 1615      -77.986504     2.52
 1616      -77.986493     2.55
 1617      -77.986488     2.56
 1618      -77.986442     2.68
 1619      -77.986441     2.68
 1620      -77.986438     2.69
 1621      -77.986483     2.58
 1622      -77.986437     2.70
 1623      -77.986437     2.70
 1624      -77.986430     2.71
 1625      -77.986429     2.72
 1626      -77.986435     2.70
 1627      -77.986427     2.72
 1628      -77.986426     2.72
 1629      -77.986424     2.73
 1630      -77.986416     2.75
 1631      -77.986415     2.75
 1632      -77.986414     2.75
 1633      -77.986413     2.76
 1634      -77.986410     2.77
 1635      -77.986408     2.77
 1636      -77.986408     2.77
 1637      -77.986405     2.78
 1638      -77.986404     2.78
 1639      -77.986400     2.79
 1640      -77.986403     2.79
 1641      -77.986397     2.80
 1642      -77.986396     2.80
 1643      -77.986386     2.83
 1644      -77.986384     2.84
 1645      -77.986391     2.82
 1646      -77.986373     2.86
 1647      -77.986371     2.87
 1648      -77.986384     2.83
 1649      -77.986380     2.85
 1650      -77.986368     2.88
 1651      -77.986378     2.85
 1652      -77.986368     2.88
 1653      -77.986378     2.85
 1654      -77.986367     2.88
 1655      -77.986366     2.88
 1656      -77.986366     2.88
 1657      -77.986362     2.89
 1658      -77.986374     2.86
 1659      -77.986360     2.90
 1660      -77.986354     2.91
 1661      -77.986351     2.92
 1662      -77.986351     2.92
 1663      -77.986349     2.93
 1664      -77.986387     2.83
 1665      -77.986349     2.93
 1666      -77.986357     2.91
 1667      -77.986348     2.93
 1668      -77.986347     2.93
 1669      -77.986343     2.94
 1670      -77.986342     2.95
 1671      -77.986339     2.95
 1672      -77.986336     2.96
 1673      -77.986335     2.96
 1674      -77.986335     2.96
 1675      -77.986347     2.93
 1676      -77.986334     2.97
 1677      -77.986332     2.97
 1678      -77.986329     2.98
 1679      -77.986328     2.98
 1680      -77.986342     2.95
 1681      -77.986327     2.99
 1682      -77.986324     2.99
 1683      -77.986322     3.00
 1684      -77.986319     3.01
 1685      -77.986333     2.97
 1686      -77.986319     3.01
 1687      -77.986317     3.01
 1688      -77.986316     3.01
 1689      -77.986313     3.02
 1690      -77.986308     3.03
 1691      -77.986307     3.04
 1692      -77.986306     3.04
 1693      -77.986304     3.04
 1694      -77.986303     3.05
 1695      -77.986303     3.05
 1696      -77.986300     3.06
 1697      -77.986299     3.06
 1698      -77.986299     3.06
 1699      -77.986298     3.06
 1700      -77.986296     3.07
 1701      -77.986296     3.07
 1702      -77.986296     3.07
 1703      -77.986294     3.07
 1704      -77.986293     3.07
 1705      -77.986292     3.08
 1706      -77.986309     3.03
 1707      -77.986290     3.08
 1708      -77.986286     3.09
 1709      -77.986286     3.09
 1710      -77.986284     3.10
 1711      -77.986280     3.11
 1712      -77.986273     3.13
 1713      -77.986305     3.04
 1714      -77.986273     3.13
 1715      -77.986273     3.13
 1716      -77.986271     3.13
 1717      -77.986272     3.13
 1718      -77.986268     3.14
 1719      -77.986266     3.14
 1720      -77.986251     3.18
 1721      -77.986294     3.07
 1722      -77.986247     3.19
 1723      -77.986263     3.15
 1724      -77.986240     3.21
 1725      -77.986238     3.22
 1726      -77.986238     3.22
 1727      -77.986256     3.17
 1728      -77.986268     3.14
 1729      -77.986237     3.22
 1730      -77.986233     3.23
 1731      -77.986231     3.24
 1732      -77.986231     3.24
 1733      -77.986231     3.24
 1734      -77.986224     3.26
 1735      -77.986220     3.26
 1736      -77.986235     3.23
 1737      -77.986250     3.19
 1738      -77.986218     3.27
 1739      -77.986218     3.27
 1740      -77.986217     3.27
 1741      -77.986212     3.29
 1742      -77.986206     3.30
 1743      -77.986205     3.30
 1744      -77.986205     3.30
 1745      -77.986200     3.32
 1746      -77.986198     3.32
 1747      -77.986192     3.34
 1748      -77.986190     3.34
 1749      -77.986190     3.35
 1750      -77.986187     3.35
 1751      -77.986182     3.36
 1752      -77.986216     3.28
 1753      -77.986177     3.38
 1754      -77.986169     3.40
 1755      -77.986168     3.40
 1756      -77.986160     3.42
 1757      -77.986180     3.37
 1758      -77.986158     3.43
 1759      -77.986162     3.42
 1760      -77.986177     3.38
 1761      -77.986195     3.33
 1762      -77.986175     3.38
 1763      -77.986143     3.47
 1764      -77.986155     3.44
 1765      -77.986140     3.48
 1766      -77.986137     3.48
 1767      -77.986173     3.39
 1768      -77.986123     3.52
 1769      -77.986123     3.52
 1770      -77.986119     3.53
 1771      -77.986130     3.50
 1772      -77.986118     3.53
 1773      -77.986117     3.53
 1774      -77.986140     3.48
 1775      -77.986117     3.53
 1776      -77.986116     3.54
 1777      -77.986114     3.54
 1778      -77.986113     3.54
 1779      -77.986169     3.40
 1780      -77.986109     3.56
 1781      -77.986130     3.50
 1782      -77.986105     3.57
 1783      -77.986105     3.57
 1784      -77.986106     3.56
 1785      -77.986101     3.58
 1786      -77.986098     3.59
 1787      -77.986095     3.59
 1788      -77.986095     3.59
 1789      -77.986089     3.61
 1790      -77.986085     3.62
 1791      -77.986082     3.63
 1792      -77.986084     3.62
 1793      -77.986085     3.62
 1794      -77.986078     3.64
 1795      -77.986127     3.51
 1796      -77.986068     3.66
 1797      -77.986066     3.67
 1798      -77.986066     3.67
 1799      -77.986080     3.63
 1800      -77.986056     3.70
 1801      -77.986052     3.71
 1802      -77.986050     3.71
 1803      -77.986062     3.68
 1804      -77.986048     3.72
 1805      -77.986044     3.73
 1806      -77.986044     3.73
 1807      -77.986044     3.73
 1808      -77.986040     3.74
 1809      -77.986074     3.65
 1810      -77.986039     3.74
 1811      -77.986037     3.75
 1812      -77.986073     3.65
 1813      -77.986030     3.77
 1814      -77.986026     3.77
 1815      -77.986021     3.79
 1816      -77.986070     3.66
 1817      -77.986020     3.79
 1818      -77.986023     3.78
 1819      -77.986013     3.81
 1820      -77.986010     3.82
 1821      -77.986006     3.83
 1822      -77.986004     3.83
 1823      -77.986031     3.76
 1824      -77.986002     3.84
 1825      -77.986022     3.78
 1826      -77.986000     3.84
 1827      -77.986069     3.66
 1828      -77.986043     3.73
 1829      -77.986000     3.84
 1830      -77.985992     3.86
 1831      -77.985992     3.86
 1832      -77.986016     3.80
 1833      -77.985992     3.86
 1834      -77.985988     3.87
 1835      -77.985985     3.88
 1836      -77.985983     3.89
 1837      -77.985980     3.89
 1838      -77.985969     3.92
 1839      -77.985979     3.90
 1840      -77.985968     3.93
 1841      -77.985970     3.92
 1842      -77.985968     3.93
 1843      -77.985961     3.94
 1844      -77.985959     3.95
 1845      -77.985957     3.96
 1846      -77.985974     3.91
 1847      -77.985950     3.97
 1848      -77.985941     4.00
 1849      -77.985938     4.00
 1850      -77.985961     3.94
 1851      -77.985936     4.01
 1852      -77.985934     4.02
 1853      -77.985945     3.99
 1854      -77.985934     4.02
 1855      -77.985933     4.02
 1856      -77.985930     4.03
 1857      -77.985928     4.03
 1858      -77.985927     4.03
 1859      -77.985941     4.00
 1860      -77.985925     4.04
 1861      -77.985924     4.04
 1862      -77.985922     4.05
 1863      -77.985922     4.05
 1864      -77.985911     4.08
 1865      -77.985908     4.08
 1866      -77.985915     4.07
 1867      -77.985891     4.13
 1868      -77.985882     4.15
 1869      -77.985881     4.15
 1870      -77.985875     4.17
 1871      -77.985871     4.18
 1872      -77.985868     4.19
 1873      -77.985859     4.21
 1874      -77.985901     4.10
 1875      -77.985859     4.21
 1876      -77.985840     4.26
 1877      -77.985835     4.28
 1878      -77.985868     4.19
 1879      -77.985832     4.28
 1880      -77.985831     4.29
 1881      -77.985828     4.30
 1882      -77.985824     4.30
 1883      -77.985817     4.32
 1884      -77.985816     4.33
 1885      -77.985838     4.27
 1886      -77.985815     4.33
 1887      -77.985809     4.34
 1888      -77.985814     4.33
 1889      -77.985800     4.37
 1890      -77.985799     4.37
 1891      -77.985798     4.37
 1892      -77.985795     4.38
 1893      -77.985794     4.38
 1894      -77.985791     4.39
 1895      -77.985789     4.40
 1896      -77.985784     4.41
 1897      -77.985770     4.45
 1898      -77.985770     4.45
 1899      -77.985766     4.46
 1900      -77.985765     4.46
 1901      -77.985759     4.48
 1902      -77.985752     4.49
 1903      -77.985752     4.49
 1904      -77.985751     4.50
 1905      -77.985735     4.54
 1906      -77.985729     4.55
 1907      -77.985728     4.56
 1908      -77.985722     4.57
 1909      -77.985720     4.58
 1910      -77.985719     4.58
 1911      -77.985716     4.59
 1912      -77.985700     4.63
 1913      -77.985695     4.64
 1914      -77.985694     4.65
 1915      -77.985693     4.65
 1916      -77.985692     4.65
 1917      -77.985687     4.67
 1918      -77.985684     4.67
 1919      -77.985682     4.68
 1920      -77.985681     4.68
 1921      -77.985680     4.68
 1922      -77.985675     4.70
 1923      -77.985680     4.68
 1924      -77.985674     4.70
 1925      -77.985673     4.70
 1926      -77.985673     4.70
 1927      -77.985665     4.72
 1928      -77.985663     4.73
 1929      -77.985657     4.74
 1930      -77.985647     4.77
 1931      -77.985629     4.82
 1932      -77.985623     4.83
 1933      -77.985609     4.87
 1934      -77.985604     4.88
 1935      -77.985603     4.88
 1936      -77.985602     4.89
 1937      -77.985598     4.90
 1938      -77.985595     4.91
 1939      -77.985612     4.86
 1940      -77.985594     4.91
 1941      -77.985592     4.91
 1942      -77.985586     4.93
 1943      -77.985578     4.95
 1944      -77.985578     4.95
 1945      -77.985569     4.97
 1946      -77.985567     4.98
 1947      -77.985562     4.99
 1948      -77.985550     5.03
 1949      -77.985544     5.04
 1950      -77.985541     5.05
 1951      -77.985539     5.05
 1952      -77.985538     5.06
 1953      -77.985549     5.03
 1954      -77.985537     5.06
 1955      -77.985532     5.07
 1956      -77.985519     5.11
 1957      -77.985517     5.11
 1958      -77.985514     5.12
 1959      -77.985537     5.06
 1960      -77.985514     5.12
 1961      -77.985509     5.13
 1962      -77.985505     5.14
 1963      -77.985505     5.14
 1964      -77.985501     5.15
 1965      -77.985501     5.15
 1966      -77.985500     5.16
 1967      -77.985498     5.16
 1968      -77.985498     5.16
 1969      -77.985495     5.17
 1970      -77.985495     5.17
 1971      -77.985492     5.18
 1972      -77.985490     5.18
 1973      -77.985484     5.20
 1974      -77.985478     5.21
 1975      -77.985474     5.22
 1976      -77.985465     5.25
 1977      -77.985460     5.26
 1978      -77.985455     5.27
 1979      -77.985445     5.30
 1980      -77.985443     5.31
 1981      -77.985442     5.31
 1982      -77.985436     5.32
 1983      -77.985459     5.26
 1984      -77.985425     5.35
 1985      -77.985419     5.37
 1986      -77.985406     5.40
 1987      -77.985461     5.26
 1988      -77.985402     5.41
 1989      -77.985398     5.42
 1990      -77.985390     5.44
 1991      -77.985383     5.46
 1992      -77.985383     5.46
 1993      -77.985377     5.48
 1994      -77.985377     5.48
 1995      -77.985367     5.51
 1996      -77.985366     5.51
 1997      -77.985366     5.51
 1998      -77.985365     5.51
 1999      -77.985364     5.51
 2000      -77.985359     5.52
 2001      -77.985346     5.56
 2002      -77.985346     5.56
 2003      -77.985379     5.47
 2004      -77.985344     5.56
 2005      -77.985338     5.58
 2006      -77.985337     5.58
 2007      -77.985333     5.59
 2008      -77.985329     5.60
 2009      -77.985327     5.61
 2010      -77.985323     5.62
 2011      -77.985318     5.63
 2012      -77.985315     5.64
 2013      -77.985311     5.65
 2014      -77.985303     5.67
 2015      -77.985296     5.69
 2016      -77.985289     5.71
 2017      -77.985287     5.71
 2018      -77.985279     5.73
 2019      -77.985272     5.75
 2020      -77.985271     5.76
 2021      -77.985259     5.79
 2022      -77.985240     5.84
 2023      -77.985247     5.82
 2024      -77.985229     5.87
 2025      -77.985219     5.89
 2026      -77.985210     5.92
 2027      -77.985207     5.92
 2028      -77.985197     5.95
 2029      -77.985189     5.97
 2030      -77.985170     6.02
 2031      -77.985168     6.03
 2032      -77.985168     6.03
 2033      -77.985156     6.06
 2034      -77.985153     6.07
 2035      -77.985151     6.07
 2036      -77.985139     6.10
 2037      -77.985138     6.11
 2038      -77.985127     6.14
 2039      -77.985122     6.15
 2040      -77.985118     6.16
 2041      -77.985117     6.16
 2042      -77.985109     6.18
 2043      -77.985108     6.19
 2044      -77.985106     6.19
 2045      -77.985091     6.23
 2046      -77.985085     6.24
 2047      -77.985082     6.25
 2048      -77.985068     6.29
 2049      -77.985067     6.29
 2050      -77.985064     6.30
 2051      -77.985061     6.31
 2052      -77.985057     6.32
 2053      -77.985053     6.33
 2054      -77.985041     6.36
 2055      -77.985039     6.37
 2056      -77.985025     6.40
 2057      -77.985017     6.42
 2058      -77.985017     6.42
 2059      -77.985038     6.37
 2060      -77.985016     6.43
 2061      -77.985010     6.44
 2062      -77.985012     6.44
 2063      -77.985009     6.44
 2064      -77.985007     6.45
 2065      -77.985000     6.47
 2066      -77.984994     6.48
 2067      -77.984990     6.50
 2068      -77.984981     6.52
 2069      -77.984974     6.54
 2070      -77.984972     6.54
 2071      -77.984983     6.51
 2072      -77.984977     6.53
 2073      -77.984954     6.59
 2074      -77.984951     6.60
 2075      -77.984942     6.62
 2076      -77.984942     6.62
 2077      -77.984941     6.62
 2078      -77.984938     6.63
 2079      -77.984936     6.64
 2080      -77.984933     6.64
 2081      -77.984925     6.66
 2082      -77.984967     6.55
 2083      -77.984913     6.70
 2084      -77.984908     6.71
 2085      -77.984904     6.72
 2086      -77.984900     6.73
 2087      -77.984900     6.73
 2088      -77.984899     6.73
 2089      -77.984929     6.66
 2090      -77.984899     6.73
 2091      -77.984891     6.75
 2092      -77.984889     6.76
 2093      -77.984886     6.77
 2094      -77.984869     6.81
 2095      -77.984865     6.82
 2096      -77.984863     6.83
 2097      -77.984857     6.84
 2098      -77.984856     6.85
 2099      -77.984853     6.86
 2100      -77.984851     6.86
 2101      -77.984848     6.87
 2102      -77.984847     6.87
 2103      -77.984842     6.88
 2104      -77.984830     6.91
 2105      -77.984829     6.92
 2106      -77.984821     6.94
 2107      -77.984820     6.94
 2108      -77.984826     6.93
 2109      -77.984819     6.94
 2110      -77.984818     6.95
 2111      -77.984806     6.98
 2112      -77.984801     6.99
 2113      -77.984799     7.00
 2114      -77.984791     7.02
 2115      -77.984786     7.03
 2116      -77.984779     7.05
 2117      -77.984777     7.05
 2118      -77.984771     7.07
 2119      -77.984763     7.09
 2120      -77.984762     7.09
 2121      -77.984759     7.10
 2122      -77.984758     7.10
 2123      -77.984755     7.11
 2124      -77.984752     7.12
 2125      -77.984745     7.14
 2126      -77.984743     7.14
 2127      -77.984737     7.16
 2128      -77.984725     7.19
 2129      -77.984723     7.19
 2130      -77.984723     7.19
 2131      -77.984698     7.26
 2132      -77.984715     7.22
 2133      -77.984685     7.29
 2134      -77.984675     7.32
 2135      -77.984675     7.32
 2136      -77.984673     7.33
 2137      -77.984666     7.35
 2138      -77.984665     7.35
 2139      -77.984654     7.38
 2140      -77.984651     7.38
 2141      -77.984650     7.39
 2142      -77.984650     7.39
 2143      -77.984645     7.40
 2144      -77.984636     7.42
 2145      -77.984636     7.42
 2146      -77.984642     7.41
 2147      -77.984635     7.43
 2148      -77.984631     7.44
 2149      -77.984629     7.44
 2150      -77.984617     7.47
 2151      -77.984612     7.49
 2152      -77.984608     7.50
 2153      -77.984605     7.51
 2154      -77.984588     7.55
 2155      -77.984585     7.56
 2156      -77.984584     7.56
 2157      -77.984582     7.57
 2158      -77.984572     7.59
 2159      -77.984571     7.59
 2160      -77.984570     7.60
 2161      -77.984551     7.65
 2162      -77.984550     7.65
 2163      -77.984549     7.65
 2164      -77.984542     7.67
 2165      -77.984525     7.71
 2166      -77.984521     7.73
 2167      -77.984520     7.73
 2168      -77.984509     7.76
 2169      -77.984504     7.77
 2170      -77.984502     7.78
 2171      -77.984494     7.80
 2172      -77.984491     7.80
 2173      -77.984484     7.82
 2174      -77.984478     7.84
 2175      -77.984457     7.89
 2176      -77.984433     7.96
 2177      -77.984432     7.96
 2178      -77.984429     7.97
 2179      -77.984418     8.00
 2180      -77.984411     8.01
 2181      -77.984427     7.97
 2182      -77.984399     8.05
 2183      -77.984384     8.09
 2184      -77.984373     8.11
 2185      -77.984367     8.13
 2186      -77.984366     8.13
 2187      -77.984345     8.19
 2188      -77.984343     8.19
 2189      -77.984343     8.19
 2190      -77.984330     8.23
 2191      -77.984323     8.25
 2192      -77.984322     8.25
 2193      -77.984308     8.29
 2194      -77.984279     8.36
 2195      -77.984292     8.33
 2196      -77.984277     8.37
 2197      -77.984230     8.49
 2198      -77.984221     8.51
 2199      -77.984204     8.56
 2200      -77.984197     8.58
 2201      -77.984191     8.59
 2202      -77.984185     8.61
 2203      -77.984172     8.64
 2204      -77.984162     8.67
 2205      -77.984158     8.68
 2206      -77.984148     8.70
 2207      -77.984129     8.76
 2208      -77.984121     8.78
 2209      -77.984112     8.80
 2210      -77.984106     8.81
 2211      -77.984104     8.82
 2212      -77.984100     8.83
 2213      -77.984093     8.85
 2214      -77.984088     8.86
 2215      -77.984083     8.88
 2216      -77.984073     8.90
 2217      -77.984068     8.92
 2218      -77.984092     8.85
 2219      -77.984067     8.92
 2220      -77.984048     8.97
 2221      -77.984028     9.02
 2222      -77.984008     9.07
 2223      -77.983965     9.19
 2224      -77.983955     9.21
 2225      -77.983942     9.24
 2226      -77.983941     9.25
 2227      -77.983931     9.27
 2228      -77.983903     9.35
 2229      -77.983888     9.39
 2230      -77.983884     9.40
 2231      -77.983869     9.44
 2232      -77.983833     9.53
 2233      -77.983801     9.62
 2234      -77.983796     9.63
 2235      -77.983787     9.65
 2236      -77.983779     9.67
 2237      -77.983767     9.71
 2238      -77.983744     9.77
 2239      -77.983738     9.78
 2240      -77.983736     9.79
 2241      -77.983727     9.81
 2242      -77.983725     9.82
 2243      -77.983717     9.84
 2244      -77.983716     9.84
 2245      -77.983708     9.86
 2246      -77.983758     9.73
 2247      -77.983705     9.87
 2248      -77.983702     9.88
 2249      -77.983701     9.88
 2250      -77.983693     9.90
 2251      -77.983677     9.94
 2252      -77.983675     9.95
 2253      -77.983674     9.95
 2254      -77.983720     9.83
 2255      -77.983670     9.96
 2256      -77.983669     9.96
 2257      -77.983663     9.98
 2258      -77.983658     9.99
 2259      -77.983654    10.00
 2260      -77.983648    10.02
 2261      -77.983639    10.04
 2262      -77.983635    10.05
 2263      -77.983612    10.11
 2264      -77.983565    10.24
 2265      -77.983548    10.28
 2266      -77.983547    10.28
 2267      -77.983546    10.29
 2268      -77.983545    10.29
 2269      -77.983538    10.31
 2270      -77.983531    10.32
 2271      -77.983528    10.33
 2272      -77.983509    10.38
 2273      -77.983505    10.39
 2274      -77.983490    10.43
 2275      -77.983476    10.47
 2276      -77.983486    10.44
 2277      -77.983470    10.49
 2278      -77.983454    10.53
 2279      -77.983440    10.56
 2280      -77.983435    10.58
 2281      -77.983417    10.63
 2282      -77.983409    10.65
 2283      -77.983398    10.67
 2284      -77.983397    10.68
 2285      -77.983394    10.68
 2286      -77.983392    10.69
 2287      -77.983377    10.73
 2288      -77.983358    10.78
 2289      -77.983313    10.90
 2290      -77.983313    10.90
 2291      -77.983391    10.69
 2292      -77.983279    10.99
 2293      -77.983265    11.02
 2294      -77.983251    11.06
 2295      -77.983208    11.17
 2296      -77.983208    11.17
 2297      -77.983185    11.23
 2298      -77.983182    11.24
 2299      -77.982988    11.75
 2300      -77.982917    11.94
 2301      -77.982876    12.04
 2302      -77.982842    12.13
 2303      -77.982678    12.57
 2304      -77.982621    12.72
 2305      -77.982571    12.85
 2306      -77.982504    13.02
 2307      -77.982461    13.14
 2308      -77.982437    13.20
 2309      -77.982312    13.53
 2310      -77.982206    13.80
 2311      -77.982133    13.99
 2312      -77.981898    14.61
 2313      -77.981882    14.66
 2314      -77.981747    15.01
 2315      -77.981655    15.25
